frame,nose_x,nose_y,left_eye_x,left_eye_y,right_eye_x,right_eye_y,left_ear_x,left_ear_y,right_ear_x,right_ear_y,left_shoulder_x,left_shoulder_y,right_shoulder_x,right_shoulder_y,left_elbow_x,left_elbow_y,right_elbow_x,right_elbow_y,left_wrist_x,left_wrist_y,right_wrist_x,right_wrist_y,left_hip_x,left_hip_y,right_hip_x,right_hip_y,left_knee_x,left_knee_y,right_knee_x,right_knee_y,left_ankle_x,left_ankle_y,right_ankle_x,right_ankle_y
0,920.93427,436.70898,922.9187,430.7558,914.9811,432.74023,930.8563,428.77142,912.9967,434.7246,944.7471,442.66223,911.01227,456.55298,970.5442,450.5998,905.0591,476.39697,954.66907,472.42816,903.0747,500.20972,956.65344,496.24097,932.8407,498.22534,946.73145,545.8509,922.9187,543.8665,944.7471,601.41406,932.8407,577.60126
1,921.9823,437.34006,923.9634,431.3967,916.03894,433.37784,929.90686,431.3967,914.05774,435.35892,945.75586,445.26456,910.0956,457.15134,971.5105,453.18912,906.1333,474.98148,953.6804,473.0004,902.171,500.73618,957.6427,498.75504,933.86914,500.73618,947.73694,546.3021,923.9634,548.2832,943.7748,601.7737,931.88794,578.0001
2,922.3533,437.71448,924.35376,431.71295,916.3518,433.71344,930.3552,431.71295,914.3513,435.71393,944.35876,445.71643,910.35034,457.71942,972.3657,453.71844,906.34937,475.72388,954.3612,473.7234,902.3484,499.72986,956.3618,499.72986,932.35583,501.73035,948.35974,547.7418,922.3533,545.74133,944.35876,599.75476,932.35583,577.74927
3,921.9064,437.53354,923.8899,431.58298,915.9558,435.55002,931.82404,431.58298,913.9722,435.55002,945.7087,445.46768,910.0052,457.36887,971.49457,453.40182,906.03815,479.18765,955.6264,475.2206,902.0711,501.0065,957.6099,499.02298,933.80756,502.99002,947.6922,546.6277,921.9064,546.6277,945.7087,602.1665,931.82404,578.36414
4,921.6993,437.78314,923.7142,433.7533,917.66943,433.7533,931.77386,431.7384,913.63965,435.76825,945.87823,445.84277,911.6247,457.93225,972.0721,455.91736,905.57996,478.08142,955.9528,476.06653,903.56506,502.26038,955.9528,498.23053,933.78876,502.26038,947.8931,546.5885,921.6993,548.6034,945.87823,600.99115,931.77386,578.8271
5,922.03235,437.92743,924.0425,433.90717,918.012,433.90717,932.08307,431.89697,913.99176,435.9173,946.1541,445.96802,911.98157,458.02893,972.2861,454.0086,905.9511,480.14056,956.2048,476.12024,903.941,502.25214,956.2048,498.23187,932.08307,502.25214,948.16425,546.4754,922.03235,550.4957,944.144,600.7494,932.08307,578.63776
6,922.28296,438.26575,924.28784,434.25604,918.2732,434.25604,932.3074,432.25116,914.26355,436.26093,946.34143,446.28522,910.2538,458.31445,972.40466,456.30957,906.244,480.36792,956.3657,476.35822,902.23425,502.42145,956.3657,498.41174,932.3074,502.42145,948.3463,546.5285,922.28296,548.5334,944.33655,600.6599,932.3074,578.6064
7,923.53503,438.04913,925.5358,434.0475,917.5325,436.04834,931.5383,432.04663,913.53076,436.04834,945.5443,446.05255,911.5299,458.05762,971.5553,456.05676,905.5274,482.06775,955.5486,478.06604,903.52655,502.07617,957.5493,500.07532,933.5392,502.07617,947.54517,546.0948,921.5342,550.09644,945.5443,602.1184,933.5392,578.1083
8,922.6042,438.29617,924.60345,434.29758,918.60565,436.29684,932.6005,432.2983,914.60706,436.29684,946.5955,446.29324,910.6085,460.28824,972.5861,456.28964,906.6099,482.2803,956.592,478.2817,902.6114,504.27237,956.592,500.27383,932.6005,502.2731,948.5948,546.2572,922.6042,550.25586,944.59625,600.2378,932.6005,578.2457
9,922.57007,438.73633,924.578,434.72052,918.5542,434.72052,932.6096,432.7126,914.5383,436.7284,946.66504,446.768,910.5226,458.81543,972.7678,456.80756,906.5067,482.9104,954.69666,478.8946,902.49084,502.98956,956.7046,500.98163,932.6096,502.98956,948.67285,547.16364,922.57007,549.1716,944.6571,599.3694,932.6096,577.28235
10,922.9526,438.97812,924.96277,434.9576,918.93207,434.9576,933.0037,432.94736,912.90137,436.96786,947.0754,447.01907,910.8911,459.08047,971.1983,457.07028,904.8604,483.2034,955.1164,479.1829,902.85016,503.30576,957.12665,499.2853,933.0037,503.30576,949.08563,547.531,920.9423,549.54126,945.06525,599.79724,933.0037,577.6847
11,922.85846,438.95038,924.8695,434.92828,918.83636,434.92828,932.91364,432.91724,912.8033,436.93933,946.9909,446.99457,910.79224,459.0608,971.1235,457.04974,906.77014,481.18225,955.0351,479.1712,902.74805,503.30365,957.0462,499.28162,932.91364,503.30365,949.002,547.5466,922.85846,547.5466,944.9799,599.8336,932.91364,577.7122
12,922.9444,438.98816,924.9552,434.9666,918.92285,434.9666,932.99835,432.9558,912.89044,436.97742,947.0738,447.0313,910.8797,459.096,971.2032,457.0852,906.8581,481.21466,955.117,479.20386,902.83655,503.33325,957.12775,499.3117,932.99835,503.33325,949.08466,547.57056,920.9336,549.5813,945.06305,599.85095,932.99835,577.7323
13,923.5939,439.00543,925.60394,434.9853,919.57367,434.9853,931.63416,432.97522,913.54346,436.99536,945.70483,447.04578,911.5333,459.10632,971.83594,457.09625,905.50305,481.2173,955.75525,479.20715,903.493,503.3282,957.7654,499.30804,933.6443,503.3282,947.71484,547.5501,921.58374,545.54004,945.70483,601.8224,931.63416,577.7014
14,923.7271,438.77948,925.7375,434.75873,917.696,434.75873,931.7686,432.74835,913.67523,436.7691,945.84125,446.82098,911.66486,458.88324,971.97614,456.87286,905.6337,480.99738,955.8931,478.987,903.62335,503.11145,957.9035,501.10107,933.779,503.11145,947.8516,547.3397,921.71674,547.3397,943.8309,601.6198,931.7686,577.49536
15,923.689,438.576,925.70123,434.55164,919.6647,434.55164,931.73773,432.53943,913.6281,436.56378,945.82306,446.6247,911.61597,458.69775,971.9814,456.6856,905.5794,480.83173,955.88385,478.81958,903.56726,502.9657,957.89606,500.95355,933.74994,502.9657,947.83514,547.2337,921.6769,547.2337,943.81085,601.56256,931.73773,577.4164
16,923.2491,438.43164,925.2649,432.38422,917.20166,434.40002,933.3281,432.38422,913.1701,436.41583,947.4387,446.4948,911.1543,458.58966,971.6284,456.57385,905.1069,480.7635,955.50195,478.74768,903.09106,502.93732,957.5177,500.9215,933.3281,502.93732,947.4387,547.285,921.2333,545.26917,945.423,599.69586,933.3281,577.52203
17,923.41815,438.46576,925.4338,432.41895,917.3713,434.43457,931.48065,432.41895,913.34,436.4502,947.6055,446.52826,911.3244,458.62195,971.793,456.60638,905.2776,480.79376,955.668,478.77814,903.26196,502.96558,957.68365,500.94995,933.4963,502.96558,947.6055,547.30914,921.4025,545.2936,945.5899,599.7153,933.4963,577.54346
18,923.4445,437.10422,925.4427,431.10965,917.45,433.10782,931.4372,431.10965,913.4537,435.10605,947.42255,447.09506,911.4555,459.08408,973.39874,455.08774,905.461,477.0676,957.4134,477.0676,903.4628,501.04562,957.4134,499.04745,933.43536,503.0438,947.42255,547.00354,921.44635,545.0054,945.4244,600.95416,933.43536,576.9761
19,923.6973,436.38443,925.7088,430.35,917.6629,432.36148,931.7432,430.35,913.63995,434.37296,947.835,444.43033,911.6285,458.5107,973.9843,454.48776,905.59406,476.61398,955.88104,476.61398,903.5826,500.75174,957.8925,498.74026,933.7547,502.7632,947.835,545.0043,921.68585,545.0043,943.8121,601.3257,931.7432,577.18787
20,922.61926,436.695,926.65234,430.64545,918.5863,432.662,932.7018,430.64545,914.5532,434.67853,946.8174,444.76105,912.53674,456.8601,973.032,452.8271,906.4872,477.0252,956.8999,477.0252,904.4707,501.22333,956.8999,499.2068,932.7018,503.2398,948.83386,547.603,922.61926,545.5865,944.8009,600.0323,932.7018,577.85065
21,922.4182,434.64807,926.46265,428.58142,918.3738,430.60364,932.52924,428.58142,914.3294,432.62585,946.68475,444.7591,912.3072,454.87012,974.99567,452.8479,906.24054,473.07,958.81793,475.09222,904.2183,497.3365,956.7957,499.3587,934.55145,501.38092,948.707,545.8695,922.4182,543.8473,944.66254,600.4691,932.52924,578.2248
22,922.4541,433.01178,926.576,428.8899,918.3322,430.95087,932.7587,428.8899,914.2103,430.95087,947.18536,443.31647,912.14935,453.62122,976.0385,451.56024,905.96655,472.16962,961.612,474.2306,903.90564,496.90094,957.49005,498.96185,932.7587,501.02283,949.2463,546.36346,922.4541,548.42444,945.12445,602.00885,932.7587,577.2776
23,922.709,432.99313,926.8297,428.8724,918.58826,428.8724,933.01074,428.8724,914.4676,430.93277,947.4331,443.29483,912.4072,453.5966,976.27795,451.53622,906.2262,472.13968,961.8556,474.20004,904.16583,496.86386,957.73486,498.92422,933.01074,500.98453,949.4935,546.31213,922.709,548.37244,945.3728,601.9415,933.01074,577.2173
24,923.85187,431.3888,925.9204,427.25177,919.71484,427.25177,932.12585,427.25177,915.5779,429.3203,946.60535,441.73126,913.5094,452.07373,977.6328,450.00525,905.2354,472.75873,963.1533,474.8272,905.2354,497.5807,956.94775,499.64917,932.12585,501.71765,948.6738,545.15607,923.85187,547.2246,944.53687,601.0055,932.12585,576.18353
25,922.3027,430.64697,926.4965,424.3562,920.20575,426.45312,932.7873,424.3562,916.01196,428.55005,947.46576,439.0346,911.8181,451.61615,976.8226,449.51923,905.52734,474.68225,964.24115,476.77917,905.52734,495.6515,955.85345,499.84528,932.7873,501.9422,949.5627,545.97754,924.3996,545.97754,945.36884,600.49744,932.7873,577.43134
26,924.5426,427.28253,926.65576,423.0562,920.3163,423.0562,935.1084,423.0562,916.08997,425.16937,949.9005,439.9615,913.9768,450.52728,977.3716,450.52728,905.5242,475.8852,966.8058,475.8852,907.6373,499.12994,954.12683,497.01678,932.99524,497.01678,949.9005,545.61945,924.5426,545.61945,945.6742,600.56165,932.99524,577.31683
27,924.1279,424.83725,928.4081,420.5571,919.8478,420.5571,934.82837,420.5571,915.5676,422.69717,951.949,439.81778,913.42755,446.238,977.6299,452.65823,904.86725,471.9189,975.48975,471.9189,907.0073,493.31967,954.089,497.59982,930.5482,499.7399,949.80884,546.82153,926.26807,544.6815,945.5287,602.4635,930.5482,576.7826
28,926.1505,423.47357,928.3401,416.90454,921.7711,419.09424,937.09875,416.90454,917.3918,419.09424,952.4265,438.80127,915.2021,443.1806,976.5128,456.3186,908.6331,449.74957,980.8922,471.6463,904.2538,462.88763,952.4265,497.9223,928.3401,500.112,948.0471,548.2847,926.1505,546.09503,945.8574,600.8368,932.7195,578.94006
29,926.13354,421.33398,928.3236,416.9538,921.7533,419.14392,934.8938,416.9538,917.3733,419.14392,952.4143,438.8545,915.1832,443.23462,976.505,456.37506,908.6129,449.8048,980.88525,471.7055,904.2328,465.1353,952.4143,497.98633,928.3236,500.1764,948.0342,548.3579,926.13354,546.1678,945.8441,600.9195,932.70374,576.82874
30,926.9403,418.82687,929.1404,414.42685,922.5403,416.62686,935.74036,414.42685,918.14026,416.62686,951.1405,436.42703,915.94025,440.82706,975.3407,458.42722,907.14014,447.42715,984.14087,471.62735,904.9401,456.2272,953.3406,498.02762,929.1404,500.22757,948.94055,546.428,924.74036,544.228,944.5405,601.42847,931.34033,577.2283
31,928.328,416.14862,930.5625,411.67944,923.85876,411.67944,939.501,413.91406,919.3895,413.91406,952.90857,436.26,914.9204,438.49457,975.2545,458.60596,905.982,449.66754,988.662,474.2481,901.5128,451.90216,952.90857,496.59412,928.328,496.59412,948.43933,545.7552,923.85876,545.7552,943.9701,599.3855,930.5625,577.03955
32,929.59106,415.81256,934.00183,409.1964,925.1803,409.1964,938.4126,411.4018,920.76953,413.60718,953.8502,435.66095,916.35876,437.86633,975.90393,459.92004,907.53723,446.6878,989.1361,481.97375,900.92114,448.8932,951.6448,493.00067,927.38574,495.20605,947.234,545.9296,922.975,545.9296,945.0287,598.85864,929.59106,572.3941
33,929.72327,412.7104,934.1339,408.29974,925.3126,408.29974,940.7499,410.50507,920.902,412.7104,953.9818,434.76367,918.69666,436.969,976.03516,459.02228,905.46466,445.79028,987.06177,483.28088,901.054,445.79028,949.57117,494.3075,925.3126,496.51282,947.36584,545.0301,918.69666,547.2354,945.1605,600.16327,927.51794,573.69934
34,931.4093,412.86066,933.61536,408.4486,926.9972,408.4486,940.2335,410.6546,922.5851,410.6546,953.46985,434.92114,918.173,434.92114,975.5303,461.39368,904.93677,445.95135,984.3545,487.86627,902.7307,445.95135,949.05774,494.48438,924.79114,494.48438,946.8517,545.2235,915.967,545.2235,944.6456,600.37463,924.79114,571.69604
35,931.428,412.83142,933.6356,408.4162,927.0127,408.4162,940.25854,410.62384,922.59753,410.62384,953.5043,434.9077,918.18225,434.9077,975.58044,461.39917,904.9365,445.9458,984.411,487.8907,902.7289,445.9458,949.089,494.51355,924.8052,494.51355,946.88135,545.2889,915.9746,545.2889,944.6737,600.4795,924.8052,571.7804
36,930.7479,411.1087,935.1543,406.7024,926.3417,408.90558,939.56055,411.1087,921.9353,411.1087,952.77954,435.3435,917.52893,435.3435,974.81116,463.98456,904.30994,446.3593,983.6238,492.62567,902.1068,446.3593,948.3733,497.03198,924.1384,497.03198,946.17004,545.5016,913.1227,547.7047,943.9669,598.37744,921.9353,571.93945
37,931.5675,412.9829,933.77295,408.57208,927.1566,408.57208,940.3893,410.77753,920.5403,412.9829,953.62195,437.2428,916.1294,435.03735,971.2655,465.9135,900.6914,448.26996,982.2927,494.58423,898.48596,448.26996,949.21106,496.7896,924.9512,498.99506,944.8002,545.3093,911.7185,549.7202,944.8002,598.23987,916.1294,576.1855
38,931.89343,412.29144,934.0956,407.88715,927.48926,407.88715,940.702,410.0893,920.8828,412.29144,951.71265,436.5149,916.4785,436.5149,969.3297,467.3448,898.86145,451.92987,980.34045,498.17462,896.6593,449.72772,947.3085,498.17462,923.08496,498.17462,945.1063,546.6216,909.8721,551.0259,942.9042,599.47284,914.27637,579.6536
39,931.1289,412.3955,935.47,408.0545,926.78784,410.22504,939.8109,412.3955,920.27637,412.3955,952.834,438.44165,913.76483,436.27112,970.1981,468.8288,896.40076,453.63525,976.7096,499.21594,898.5713,451.46472,948.49304,497.0454,922.4469,497.0454,944.152,544.79663,909.4238,549.13763,944.152,599.0593,913.76483,579.5248
40,931.2055,412.83252,933.3704,408.5027,926.87555,408.5027,939.8652,412.83252,920.3808,412.83252,952.8549,438.81183,911.721,436.6469,968.00946,469.12103,896.5664,456.13135,974.5042,499.43018,894.4014,456.13135,948.52496,495.10028,922.5457,497.26526,944.1951,544.8939,909.556,549.2238,944.1951,599.01746,913.8859,581.69794
41,931.14075,412.78784,933.3071,408.4552,926.8081,408.4552,939.806,412.78784,920.3091,412.78784,952.8041,438.7838,911.6438,436.6175,967.9684,469.11243,898.6459,453.94812,974.4674,499.44104,894.3132,456.11444,948.47144,495.10834,922.47546,497.27466,944.1388,544.9339,909.4775,549.2666,944.1388,599.0921,913.8102,581.7615
42,929.1645,412.64105,933.50507,408.30048,924.8239,410.47076,940.0159,412.64105,920.4832,412.64105,950.8675,438.68463,911.80206,436.51434,966.0595,469.06885,892.26935,460.38763,972.5705,499.453,894.4397,456.04706,948.6972,495.11243,922.6535,497.2827,946.5268,547.1996,907.4615,547.1996,944.3565,597.11646,913.97235,579.7541
43,929.88464,412.59125,934.24646,408.22937,925.5227,408.22937,938.6083,410.41034,921.1609,412.59125,951.69385,436.58148,912.43713,436.58148,966.96045,467.1145,894.98975,456.2099,971.32227,497.64752,892.80884,460.57172,949.51294,493.2857,923.3418,495.4666,949.51294,545.628,905.8944,543.4471,947.33203,593.60846,912.43713,580.5229
44,931.12213,411.8932,933.2952,407.54712,924.6031,405.37408,939.8143,409.72015,920.257,411.8932,952.8526,435.79663,911.5648,435.79663,968.0638,466.21912,896.3536,455.35394,972.41,496.64166,892.0075,461.87305,950.6795,492.2956,922.43,492.2956,952.8526,542.2755,907.21875,544.44855,952.8526,592.2554,913.73785,581.3902
45,932.4492,411.88208,934.5786,405.4939,926.06104,405.4939,940.9668,409.7527,921.80225,411.88208,953.74316,435.30536,913.2847,435.30536,968.6488,465.11682,894.12024,458.72864,972.9076,494.92828,889.86145,465.11682,951.6138,488.5401,923.93164,488.5401,955.87256,539.64545,909.02594,541.77484,958.00195,592.8802,913.2847,582.2332
46,934.3991,409.98395,936.57806,405.62622,927.8625,405.62622,943.1147,409.98395,923.5047,409.98395,954.0091,433.95172,914.7892,433.95172,971.44025,464.45612,899.537,453.5617,973.6191,494.9605,890.8215,464.45612,951.83026,488.4239,925.68365,488.4239,960.54584,538.5382,910.4314,540.7171,964.9035,590.8315,912.6103,582.1159
47,934.4284,410.02057,936.6071,405.66302,927.89215,405.66302,943.1434,407.8418,923.5347,410.02057,954.0372,433.98676,914.8197,433.98676,971.4671,464.48914,899.5685,453.59546,973.6458,494.99158,890.8535,464.48914,951.85834,488.45538,925.71344,488.45538,960.5733,538.5665,910.4622,540.74524,964.93085,590.8564,912.6409,582.1414
48,935.60486,409.50604,939.9689,405.1421,931.24097,405.1421,944.33276,409.50604,926.8771,409.50604,957.42456,433.5077,918.1492,433.5077,974.8804,464.0553,898.5114,453.14545,977.0624,494.60284,891.9655,464.0553,955.2427,485.87494,926.8771,488.05695,963.97046,533.8783,911.6033,538.2422,974.8804,586.24554,913.7852,581.8816
49,939.3022,410.42236,943.62714,406.09735,934.97723,406.09735,947.9522,408.2599,928.4897,410.42236,958.7647,434.2099,919.83966,434.2099,976.06476,464.48492,900.37714,455.8349,980.3897,494.75995,896.0521,466.64746,956.60223,486.10992,930.65216,488.27246,969.5772,535.8475,913.3522,538.01,982.5522,583.42255,913.3522,581.26
50,942.0548,410.78302,944.17285,406.547,937.81885,406.547,950.52673,410.78302,931.46484,410.78302,963.23474,434.08087,922.9929,434.08087,980.1787,465.85077,903.93097,457.37878,982.29663,493.38464,897.577,467.96875,961.1167,489.14868,933.5829,489.14868,973.8247,537.8624,914.52094,535.74445,990.76855,580.2223,912.40295,580.2223
51,945.0935,413.39108,949.2263,409.2582,940.9606,407.1918,953.35913,411.32468,934.76135,413.39108,965.7577,436.12173,926.4956,436.12173,984.35547,467.118,907.8979,458.8524,984.35547,493.98154,899.6322,471.2509,963.6913,493.98154,936.82776,491.91513,980.22266,539.4429,918.23,537.37634,1000.88684,580.77124,914.09717,580.77124
52,948.5248,414.97223,952.58875,410.9082,944.4608,410.9082,956.6527,414.97223,938.36487,414.97223,968.8447,439.35608,932.2688,437.3241,987.13257,469.83594,913.98096,457.64404,989.16455,496.25183,901.789,469.83594,968.8447,490.15588,940.39685,490.15588,983.0686,540.9556,920.0769,538.92365,1007.4525,581.5954,913.98096,581.5954
53,948.4001,415.03925,952.4659,410.97345,944.3343,410.97345,956.5317,415.03925,938.23566,415.03925,968.72894,439.4339,932.1369,437.401,987.02496,469.92725,913.84094,457.72986,989.0578,496.3548,901.6436,469.92725,968.72894,492.289,940.2685,490.2561,982.95917,539.0454,919.93964,539.0454,1007.3538,579.70325,913.84094,581.7361
54,951.2442,418.4818,953.26447,414.4414,947.2038,414.4414,959.325,416.4616,941.14325,418.4818,971.4462,440.70398,933.06244,440.70398,989.628,471.00696,916.9009,460.90594,991.64813,497.26953,902.75946,471.00696,969.42596,491.20892,945.18365,489.18872,985.5876,537.67346,924.9816,539.6937,1007.80975,582.11786,912.8605,580.09766
55,952.23987,420.07608,956.24817,416.06784,948.23157,416.06784,962.2605,418.07193,944.2234,420.07608,974.2854,442.12155,936.2068,442.12155,994.32666,472.18362,918.16956,462.16293,994.32666,498.23734,904.1406,468.17532,974.2854,492.22495,946.2274,492.22495,988.31433,538.32007,928.1903,538.32007,1008.3556,582.411,914.1613,580.40686
56,954.3941,418.25946,956.40326,414.24097,948.3664,414.24097,962.4311,416.25024,944.34784,418.25946,974.4865,440.36115,938.3201,440.36115,994.5789,470.49982,922.24615,456.43512,996.5882,498.6292,906.17224,464.47205,974.4865,490.59222,946.3571,488.583,988.5512,538.8141,928.27386,538.8141,1008.6436,581.0082,914.20917,581.0082
57,952.8989,414.81085,957.0182,410.69153,948.77954,410.69153,961.13745,412.75116,942.6006,414.81085,975.55505,437.46704,936.42163,435.4074,996.1516,466.3022,922.004,451.88458,998.2113,495.1374,907.5864,458.0636,975.55505,482.77942,948.77954,482.77942,989.97266,538.39014,926.1234,530.1515,1008.5095,581.6429,911.7057,579.5832
58,951.8549,409.80286,956.09186,405.56604,947.6181,407.68445,960.3287,407.68445,943.3813,409.80286,973.03925,433.1056,937.02594,428.8687,994.22345,460.64514,922.197,443.6977,998.4604,494.53992,907.368,452.1714,975.15765,479.71094,949.7365,479.71094,992.10504,532.67163,924.31537,528.4348,1006.934,581.39545,909.48645,577.1586
59,951.978,409.87262,956.21326,405.63745,947.7429,407.755,960.4485,407.755,943.5077,409.87262,973.15393,433.16608,937.1549,428.9309,994.32983,460.6947,920.2143,443.75403,998.56506,494.5761,907.5087,452.22437,975.2715,479.753,947.7429,479.753,992.2123,532.6927,924.44946,528.4575,1007.0353,581.39716,909.62634,577.16205
60,949.672,406.42664,953.9596,402.13898,945.3844,402.13898,958.2472,404.28278,941.0968,406.42664,973.2539,427.8647,934.6653,423.57703,994.6919,457.878,917.5149,434.29608,996.8357,487.89124,908.93964,451.44653,975.3977,477.17224,947.5282,475.02844,992.5481,530.7674,926.0901,522.19214,1007.5548,580.07495,908.93964,573.64355
61,948.5617,403.33878,950.68805,399.08615,942.1827,399.08615,957.0671,401.2125,937.9301,403.33878,971.95135,426.72842,933.6774,422.4758,993.21466,454.37076,914.5404,433.10745,997.46735,484.13937,908.16144,450.11807,971.95135,473.50772,946.43536,471.38138,991.0883,528.79236,925.17206,518.16064,1005.9727,577.6979,910.2878,567.0663
62,946.2096,404.79617,950.5526,400.45316,941.8666,400.45316,954.89575,402.62466,937.52356,402.62466,970.0963,424.33987,931.0089,422.16837,991.8115,452.56967,913.6368,435.19748,996.15466,482.97098,907.12225,454.74118,972.2678,469.94186,944.0381,469.94186,987.4685,526.40137,922.3229,517.71533,1004.8407,576.34644,909.29376,565.4888
63,944.9398,404.42032,949.13135,400.2288,940.7483,402.32455,953.3229,404.42032,934.46106,404.42032,967.99304,425.37784,926.0781,425.37784,988.95056,452.6226,911.40784,440.04807,993.1421,484.05887,907.2163,463.10135,967.99304,473.5801,942.8441,473.5801,984.75916,523.8782,921.8866,517.59094,1001.52515,574.17615,907.2163,561.6017
64,942.3796,409.88586,946.46967,405.79578,938.2895,405.79578,952.6048,407.84082,934.1994,409.88586,966.9201,430.3363,926.0192,430.3363,987.37054,456.92188,911.7039,448.7417,993.5057,487.59747,907.61383,469.19208,968.96515,475.3272,942.3796,477.37225,981.2354,522.36316,919.8841,518.2731,997.59576,573.48926,905.5688,561.219
65,942.3643,409.86072,946.4582,403.7198,938.2703,405.76678,952.5992,407.81378,934.17645,409.86072,966.9279,430.33038,925.9886,430.33038,987.39764,456.94098,911.6598,448.7531,993.5385,487.64545,907.56586,469.22278,968.9749,475.36365,942.3643,477.41064,981.25665,522.4439,919.84766,518.35,997.6324,573.6181,905.5189,561.3363
66,940.32715,414.6773,944.27,410.7345,936.3844,410.7345,948.2129,412.70593,932.4415,414.6773,963.9844,436.36304,926.5272,436.36304,985.67004,461.99158,910.75574,458.0487,993.55566,493.53436,904.84155,479.73438,965.9558,477.76294,940.32715,479.73438,975.81287,523.1058,920.6129,517.19147,993.55566,574.36285,906.813,562.5343
67,939.3398,423.91193,943.15424,418.1903,935.5253,420.09753,946.9687,422.00476,929.80365,423.91193,962.2264,442.98413,922.1748,444.89136,983.20575,467.77795,908.8243,463.96356,992.7419,500.20068,899.2882,481.12848,964.1336,481.12848,939.3398,483.0357,973.66974,532.62335,914.54596,530.7161,996.55634,578.3966,910.7315,570.76776
68,936.5638,430.37308,938.39557,426.70963,931.0686,426.70963,943.8907,428.54135,927.40515,430.37308,958.5446,450.52213,921.9099,448.6904,982.3571,476.1664,901.76086,463.34427,993.3475,507.30588,890.77045,472.50296,964.03973,488.9885,938.39557,488.9885,969.535,536.6135,909.0878,531.1184,995.17926,580.5752,909.0878,569.5847
69,933.3595,435.96017,935.3978,431.8834,929.2827,431.8834,941.51306,433.92178,925.20593,433.92178,953.7435,454.30588,919.0907,452.26743,980.2428,482.84354,890.553,462.4595,992.47327,513.41956,866.09216,470.61307,963.93555,490.99716,939.47473,493.03555,970.0508,533.8037,904.8218,529.7268,994.5116,580.687,908.8987,570.495
70,931.01666,437.67548,932.9431,433.82257,927.16376,433.82257,940.6489,435.74902,923.31085,435.74902,952.20764,456.94006,917.5315,453.08716,977.2516,485.83685,886.7082,455.0136,988.8103,520.51306,859.73785,460.79297,963.76636,493.54266,936.796,493.54266,975.3251,535.9247,904.0463,532.0718,996.5161,580.23315,907.89923,570.6009
71,930.9201,437.5562,934.77826,433.698,927.0619,433.698,940.5656,435.62714,923.2037,435.62714,952.1402,456.84723,917.4164,452.989,979.14764,487.7129,886.5507,454.91815,988.79315,520.5077,859.5433,460.70544,963.7149,493.50024,936.70746,493.50024,975.2895,535.9405,903.91266,532.0823,996.5096,580.3099,907.7709,570.66437
72,929.2893,437.627,932.87854,432.2431,925.7001,434.03772,938.26245,435.8324,922.11084,435.8324,950.82495,455.57336,918.5215,451.98407,966.97656,480.69824,893.3966,448.39484,977.7444,505.82312,870.0664,448.39484,963.3873,493.26068,936.4679,495.0553,979.53906,536.3319,905.9591,536.3319,1002.86926,574.01917,909.54834,570.42993
73,927.2868,437.55194,931.24,433.59875,925.3102,435.57538,939.1465,435.57538,921.357,437.55194,951.0061,455.3415,919.3804,451.38824,968.79565,492.89703,903.5675,441.5052,970.7722,524.5228,879.84814,437.55194,962.86584,496.85028,935.19324,496.85028,980.6553,538.35913,905.5441,540.33575,1010.30444,569.9849,909.4973,569.9849
74,924.2838,438.75034,929.90564,435.00247,922.4099,435.00247,937.40125,438.75034,918.6621,438.75034,950.5187,457.48947,920.536,453.7416,961.7622,489.34604,916.7882,448.1199,956.1404,523.0766,916.7882,438.75034,963.6361,498.7156,935.52734,496.8417,989.87085,543.68964,903.6708,539.94183,1016.1057,571.7984,907.4186,569.9245
75,920.97577,440.63416,924.8111,436.79883,917.14044,436.79883,934.3994,440.63416,915.2228,438.7165,949.7407,461.72845,920.97577,455.97546,953.57605,496.2464,928.6464,454.0578,940.15247,521.176,936.31714,431.04584,963.1644,503.91705,934.3994,501.9994,991.9293,544.188,901.79913,540.35266,1020.69434,574.8706,903.7168,563.3646
76,914.7708,439.439,918.6935,437.47763,910.8481,435.51633,928.50024,439.439,908.8868,439.439,940.2683,462.9752,918.6935,455.1298,946.15234,494.35672,948.11365,439.439,928.50024,521.81555,950.0751,439.439,957.9204,498.2794,932.423,498.2794,991.2633,545.3517,895.15735,539.46765,1020.6836,574.772,901.0414,563.0039
77,914.68494,439.4485,918.60474,437.4886,910.76514,435.5287,928.4042,439.4485,910.76514,439.4485,940.16345,462.9671,918.60474,455.12756,944.08325,494.32526,948.00305,439.4485,928.4042,521.7637,949.9629,439.4485,957.80237,498.24506,932.32385,498.24506,991.1205,545.28235,895.08606,539.40265,1020.5188,574.68066,900.9657,562.9213
78,904.52936,436.43097,908.7807,432.1797,902.4037,432.1797,917.2833,434.30536,900.2781,434.30536,930.03735,455.56195,913.03204,455.56195,932.16296,491.69824,938.54004,455.56195,919.409,519.3319,919.409,506.57788,951.29395,502.32654,932.16296,500.20093,989.5559,546.9655,887.52405,534.21155,1019.3152,574.5991,900.2781,566.0965
79,891.52295,431.57465,895.8158,427.2818,889.3765,427.2818,904.4015,431.57465,887.23016,431.57465,915.1336,453.03882,897.9622,450.89246,923.7193,489.52795,919.42645,483.08875,908.69434,515.28503,915.1336,502.4065,945.1834,500.26007,923.7193,500.26007,977.3798,545.3349,882.9373,532.45636,1016.0153,568.9455,904.4015,568.9455
80,880.3577,430.1974,884.6819,425.8733,880.3577,428.03534,895.4922,430.1974,878.1957,430.1974,904.1405,449.656,891.1681,449.656,912.78876,484.24915,917.1129,484.24915,901.9784,510.19397,897.6543,510.19397,936.5715,501.54572,917.1129,501.54572,962.5164,549.1112,882.5198,533.97675,1005.75775,557.7595,912.78876,572.894
81,869.26154,431.2312,875.36224,427.16406,869.26154,429.19763,885.5301,431.2312,867.22797,431.2312,891.6308,451.5669,883.4965,449.53333,901.7987,484.10406,905.86584,480.03693,891.6308,510.54047,891.6308,506.47333,926.20154,504.43976,907.8994,504.43976,942.47015,559.3461,881.46295,541.044,989.24225,555.279,914.0001,573.5811
82,861.25653,434.44696,866.7452,430.78784,859.427,430.78784,875.8929,432.61743,857.5974,432.61743,883.21106,454.5719,874.0633,452.74237,894.1883,483.8446,896.0178,482.015,881.3815,505.79907,883.21106,502.14,919.8019,503.96954,901.5065,503.96954,923.46094,562.5149,881.3815,542.38995,971.0291,555.1968,914.31323,575.3217
83,861.3434,434.55103,865.0016,430.89282,859.5143,430.89282,875.97614,432.72192,857.6852,432.72192,883.29254,452.84198,874.14703,452.84198,894.2671,483.93658,896.0962,482.10748,881.46344,505.88568,881.46344,502.22754,919.8744,504.05658,901.58344,504.05658,923.5326,562.58765,881.46344,542.4676,971.089,555.27124,914.3871,575.3913
84,851.23615,437.0102,856.55865,433.46185,851.23615,433.46185,868.9779,435.23602,853.0103,435.23602,874.3004,454.7519,867.20374,458.30023,883.17126,481.36444,872.52625,484.91278,868.9779,497.33197,856.55865,502.65448,911.558,500.8803,899.1388,502.65448,900.91296,557.6538,879.6229,545.2346,948.8156,562.9763,913.33215,575.3955
85,842.6828,438.7155,848.0621,435.12933,842.6828,435.12933,858.8206,438.7155,844.4759,436.92242,865.993,456.64642,858.8206,460.2326,871.37225,481.74963,849.85516,488.922,855.23444,497.88745,830.1312,503.26672,905.441,501.47363,894.68243,503.26672,880.3377,549.8871,876.7515,549.8871,919.7857,574.9903,916.1995,576.7834
86,834.3098,440.21082,839.71466,436.60754,832.5082,436.60754,850.5245,438.40918,834.3098,438.40918,855.9294,456.42548,848.72284,460.02875,859.53265,478.0451,836.1114,487.05328,845.11957,492.4582,812.6902,499.66473,895.56537,503.268,888.3588,505.06964,863.1359,544.7056,882.9539,548.3089,895.56537,580.7383,913.5817,573.53174
87,823.09503,441.8348,828.8526,437.99637,823.09503,437.99637,840.3678,437.99637,823.09503,437.99637,848.0446,459.10757,840.3678,461.02676,846.1254,478.29953,825.0142,482.13797,828.8526,491.73392,805.82227,491.73392,882.5902,507.08755,878.7518,507.08755,848.0446,539.7139,882.5902,545.4715,863.3982,593.4515,911.3782,568.5019
88,814.889,444.3853,818.6911,438.68213,812.98785,440.5832,830.09753,440.5832,814.889,440.5832,839.6029,457.69287,830.09753,461.495,831.9986,478.60468,814.889,480.50574,814.889,491.91217,793.9771,490.0111,873.82227,509.02185,868.119,509.02185,837.70184,541.34015,877.6244,543.2412,835.8008,596.4713,904.23944,569.85626
89,814.8865,444.34665,820.5925,438.6406,812.9845,440.54263,830.1026,440.54263,814.8865,440.54263,839.6127,457.66074,830.1026,461.46475,832.00464,478.58292,814.8865,480.4849,814.8865,491.897,793.96436,489.99496,873.84894,509.0151,868.1429,509.0151,837.71063,541.3493,877.65295,543.25134,835.80865,596.5077,904.2811,569.8795
90,805.3096,447.58954,809.0434,443.8557,805.3096,443.8557,820.2449,443.8557,805.3096,443.8557,829.5794,464.39172,822.11176,464.39172,810.91034,486.79462,809.0434,479.32697,792.2413,494.2622,786.6405,484.92767,861.31683,512.9313,859.4499,511.0644,829.5794,548.4025,868.7844,544.6687,807.1765,598.809,900.52185,568.93854
91,795.12524,451.94162,800.49927,448.35892,795.12524,450.1503,811.2474,451.94162,795.12524,451.94162,818.4128,469.85513,813.0387,469.85513,800.49927,489.55997,805.8733,477.02054,782.58575,498.51675,784.37714,478.81192,848.8657,523.59564,845.283,523.59564,818.4128,561.214,863.19653,552.25726,791.54254,600.6237,895.44086,573.7535
92,788.00793,461.0335,791.72766,455.45392,788.00793,455.45392,804.7467,459.17365,795.4474,457.31378,808.4665,475.9124,806.60657,475.9124,789.8678,492.65125,797.30725,490.79138,771.2691,501.95062,773.12897,501.95062,838.22437,533.56836,840.0842,531.7085,806.60657,568.9058,851.2434,557.74664,776.8487,619.12225,888.4408,578.20514
93,778.0611,467.39398,784.20953,463.29504,778.0611,463.29504,794.45685,467.39398,786.259,467.39398,802.6547,481.7403,790.3579,483.78973,790.3579,491.9876,788.3085,498.13605,767.8138,502.235,771.9127,502.235,829.29785,541.1749,819.0505,541.1749,796.50635,573.96643,841.59467,567.81805,765.7643,623.1537,880.5346,586.26324
94,771.228,475.66574,775.31396,471.5798,769.18506,471.5798,787.5718,475.66574,777.35693,473.62277,791.6577,496.09543,781.4429,496.09543,781.4429,504.2673,801.87256,479.75168,754.8843,508.35324,793.7007,465.4509,822.30225,547.16956,812.0874,549.2125,785.5288,573.72815,828.43115,577.8141,758.9702,626.84534,873.37646,590.0719
95,771.1371,475.75366,775.22046,471.6703,769.0954,471.6703,787.4706,475.75366,777.26215,473.71198,791.55396,496.17053,781.3455,496.17053,781.3455,504.33728,801.7624,479.83704,754.8035,508.42065,793.59564,465.54517,822.1793,547.21277,811.9709,549.25446,785.4289,573.75476,828.3044,577.83813,758.88696,626.8387,873.22156,590.08826
96,762.35205,482.2042,768.05585,478.40164,762.35205,478.40164,781.36475,484.1055,762.35205,482.2042,783.26605,503.1182,775.66095,499.3157,771.8584,510.7233,790.87115,486.00674,745.24054,516.4271,796.57495,466.994,815.5877,548.7488,806.08136,550.6501,777.56226,571.5641,819.39026,590.57684,758.5495,626.7011,865.0209,592.47815
97,756.4842,487.22577,762.2637,483.3728,756.4842,483.3728,773.82263,487.22577,760.33716,485.29932,773.82263,508.41724,775.7491,500.71124,752.63116,525.7557,783.4551,487.22577,731.43976,531.53516,793.0876,469.88733,810.426,548.8736,800.7935,550.8001,773.82263,570.06506,810.426,597.03595,756.4842,627.85986,854.7354,595.1095
98,753.8071,488.84506,757.54724,485.105,753.8071,485.105,768.76733,486.975,753.8071,486.975,770.6373,515.02527,770.6373,501.93515,755.6771,533.72546,778.11743,488.84506,736.9769,539.3355,787.4675,470.14487,808.0377,546.8156,800.5576,546.8156,772.5073,571.12585,804.2976,599.1761,757.54724,627.2264,851.0481,597.3061
99,751.14996,486.99066,756.5978,481.54285,751.14996,481.54285,767.49335,485.17474,751.14996,483.35876,769.3093,510.59778,763.8615,499.7022,760.2296,541.4686,776.57306,481.54285,738.4384,554.1802,780.2049,468.8313,805.628,545.1005,796.5483,548.7324,769.3093,570.52356,801.9961,595.94666,756.5978,626.8175,849.2103,597.7626
100,751.4305,480.99554,756.88617,477.3584,751.4305,475.53986,767.79755,482.8141,751.4305,479.177,771.43463,506.45538,762.34186,504.63684,767.79755,541.00806,775.0718,491.90692,747.79333,562.8308,773.25323,471.9027,805.98737,542.82666,795.076,546.46375,767.79755,571.92365,798.7131,591.9278,756.88617,628.2991,847.8143,597.3835
101,751.48395,481.0525,756.937,477.4171,751.48395,475.59943,767.84314,482.87018,751.48395,479.2348,771.4785,506.50006,762.3901,506.50006,767.84314,541.0361,773.2962,491.95862,747.8486,562.84827,773.2962,471.96405,806.01447,542.85376,795.1084,546.48914,767.84314,571.9367,798.7438,591.9313,756.937,628.2849,847.8212,597.3843
102,754.6649,474.65265,760.20374,470.96008,752.8187,469.11383,767.58875,474.65265,752.8187,472.8064,774.9739,500.5003,762.05005,494.96155,776.82007,539.2718,774.9739,533.73303,760.20374,565.1195,765.74255,563.2732,804.51404,537.42554,789.7439,539.2718,765.74255,572.5045,800.82153,585.42834,756.5112,626.04614,848.82434,592.8134
103,755.723,466.10663,761.4507,464.1974,753.81384,462.2882,770.9967,468.0158,753.81384,466.10663,778.63354,490.92627,761.4507,487.10785,788.17957,531.0196,782.4519,527.2012,776.7243,559.65765,782.4519,542.4748,803.4532,532.9288,791.9979,536.7472,767.1783,571.1129,803.4532,576.84045,757.63226,626.4798,847.36487,586.38654
104,757.8957,458.75537,763.678,454.9005,755.96826,454.9005,773.31506,460.68274,754.0409,458.75537,782.95215,485.73926,767.5328,479.95697,794.51666,524.2876,759.8231,470.3199,786.807,560.90857,748.2586,472.2473,804.15375,530.0699,792.5893,531.9973,767.5328,568.6183,802.2264,566.69086,755.96826,626.4409,846.557,584.03766
105,760.7897,452.46906,766.89386,450.43433,760.7897,448.3996,775.03284,452.46906,756.7202,452.46906,785.2065,478.9206,768.9286,470.78168,803.5191,513.5111,762.8244,468.74695,799.44965,552.1711,746.5465,470.78168,803.5191,525.71954,795.3802,521.6501,772.9981,566.41425,803.5191,560.31,758.75494,625.4216,846.2486,582.69214
106,764.1532,448.87573,768.5046,444.52435,761.97754,444.52435,779.38306,446.7,759.8018,448.87573,790.2615,472.8083,770.6803,466.28125,809.8427,511.9707,759.8018,470.63263,807.667,546.78174,738.0449,474.984,805.49133,520.67346,794.6129,520.67346,775.0317,564.18726,807.667,553.30884,764.1532,625.1066,846.82947,581.5928
107,764.1863,448.77332,768.53937,446.59674,762.00977,444.42023,779.4221,448.77332,759.8332,448.77332,788.1283,472.71533,770.71594,466.18567,809.8938,511.8932,759.8332,470.53882,807.7172,546.71796,738.06775,474.8919,805.5407,520.59937,794.65796,520.59937,775.06903,564.1304,807.7172,553.2476,764.1863,625.07367,846.8951,581.5427
108,768.4449,446.41028,772.7519,444.25677,766.2914,444.25677,781.3659,444.25677,764.1379,444.25677,792.1335,470.09888,772.7519,463.6383,811.515,506.7085,759.8309,470.09888,811.515,543.3181,733.9888,476.5594,807.208,519.6295,796.4405,519.6295,777.0589,562.6997,809.3615,554.08563,772.7519,620.84436,843.8177,582.08124
109,771.2437,446.33032,775.372,442.20203,769.17957,442.20203,783.62854,444.26617,767.1154,444.26617,793.9493,469.0359,771.2437,462.84344,814.5907,506.19043,756.79474,473.16418,816.65485,541.2808,729.9609,481.42072,808.39825,518.57526,802.2058,516.5111,777.43616,559.8581,808.39825,557.79395,785.6927,617.65405,841.4245,584.6278
110,774.71515,447.26135,778.5945,443.38202,770.8358,443.38202,788.29285,445.32166,768.8962,445.32166,797.9912,470.53735,772.7755,464.71838,817.3879,505.45142,761.13745,476.35638,819.3276,542.3052,732.0424,484.11505,813.50854,519.0291,801.87054,519.0291,780.5342,561.7019,809.6292,559.7622,792.1722,610.19366,842.60364,586.9176
111,776.2845,448.57343,782.3555,444.52606,774.2608,444.52606,790.4502,446.54974,772.2371,446.54974,800.56854,470.83386,776.2845,466.7865,820.8053,507.25995,760.0951,478.92853,820.8053,541.6624,731.7637,484.99957,816.75793,521.42566,808.66327,519.402,782.3555,561.8991,808.66327,563.9228,792.4739,612.49097,843.0657,586.18317
112,780.5778,449.8526,784.5155,445.91492,776.64014,445.91492,792.3908,447.88373,774.67126,447.88373,804.2039,471.50983,778.60895,467.57214,825.86115,503.0113,760.8894,479.3852,823.8923,538.45044,731.35675,487.26056,819.9546,518.762,808.14154,518.762,784.5155,562.07654,808.14154,564.04535,796.32855,617.20404,845.54956,589.6403
113,780.60333,449.8415,784.5388,445.906,776.66785,445.906,792.4098,447.87372,774.70013,447.87372,804.21625,471.48663,778.63556,467.55115,825.86145,502.97058,760.9259,479.3576,823.89374,538.38995,731.4097,487.22864,819.9582,518.7125,808.15173,518.7125,784.5388,562.00287,808.15173,563.97064,796.3453,617.09973,845.5389,589.55133
114,781.5187,448.7867,787.3235,444.91678,779.58374,444.91678,795.06335,446.8517,777.6488,444.91678,806.6731,468.13626,781.5187,466.20132,829.8926,499.09555,762.1692,475.87607,827.95764,531.98975,735.0797,485.5508,822.1527,516.51013,810.54297,518.44507,791.1935,561.01404,810.54297,559.0791,795.06335,619.06274,849.24207,590.03845
115,784.83075,444.10226,788.9452,442.04507,780.7163,442.04507,797.174,442.04507,778.6591,444.10226,809.5173,464.67435,782.77356,460.55997,832.1466,491.41812,762.2014,470.84598,832.1466,524.3335,737.5149,481.13205,828.03217,509.933,815.6889,514.04736,797.174,559.306,817.7461,559.306,799.2312,616.90796,850.6615,592.22144
116,785.45123,440.1389,789.60474,438.06216,781.2977,438.06216,797.91174,438.06216,781.2977,438.06216,810.3723,460.90646,783.37445,454.67618,837.3702,487.90433,764.68365,462.98325,835.2934,521.13245,743.9161,477.52054,831.1399,506.59512,816.6026,504.51834,808.29553,556.43726,822.8329,554.3605,804.142,614.5864,851.9075,591.7422
117,786.95386,435.4064,791.09937,433.33365,782.80835,433.33365,799.3904,433.33365,780.7356,435.4064,811.8269,456.13394,784.8811,449.91568,838.77277,485.15256,766.22626,458.2067,838.77277,516.2439,751.717,474.7888,828.40894,501.7346,820.1179,501.7346,811.8269,553.55347,826.3362,549.40796,809.75415,611.5907,851.2093,590.86316
118,787.53314,433.94443,791.7386,429.73898,783.32776,429.73898,800.1495,429.73898,781.22504,429.73898,812.7658,452.86893,785.4305,446.56076,840.1012,484.4097,770.7114,454.97165,837.9985,518.0532,758.0951,473.8961,833.793,494.9233,821.1767,497.02603,814.8685,549.5941,827.48486,547.49133,814.8685,608.4702,850.6148,587.443
119,787.46387,433.66718,791.67645,429.45453,783.2512,429.45453,800.1017,429.45453,781.14496,429.45453,812.73956,452.6239,785.35754,446.305,840.1215,484.2185,770.6134,454.73022,838.0152,517.91943,757.9756,473.68695,833.8026,496.85632,821.16473,496.85632,814.8458,549.514,827.4837,547.4077,814.8458,608.49054,850.653,587.4275
120,788.37823,431.26727,792.5873,429.16272,786.2737,427.05817,801.0055,427.05817,784.1691,429.16272,813.63275,450.20813,786.2737,445.99908,840.9918,481.7763,775.751,454.41724,838.8872,515.449,765.2283,475.46265,834.67816,494.4035,824.15546,494.4035,815.7373,547.0171,826.26,542.80804,826.26,605.9443,849.41,584.89886
121,791.3086,432.165,793.396,427.99014,787.1338,427.99014,803.8331,427.99014,785.0464,430.0776,816.3578,450.95187,787.1338,446.777,841.40686,482.2632,780.87146,461.389,841.40686,515.6621,772.5217,480.1758,837.23193,492.70035,826.7949,494.7878,816.3578,544.886,826.7949,542.7986,835.14453,601.24646,849.7566,584.5471
122,790.85315,435.25342,794.9066,431.2,788.8264,431.2,805.04016,431.2,784.773,431.2,817.20044,451.46716,790.85315,447.4137,841.521,483.89453,786.79974,467.68085,841.521,520.3754,776.6662,483.89453,841.521,492.0014,831.38745,494.02814,819.2272,546.72266,827.334,544.696,841.521,601.4439,849.6278,581.1768
123,793.18604,439.2567,797.12244,435.3203,789.24963,437.2885,806.9634,437.2885,787.28143,439.2567,818.7725,456.97046,795.15424,455.00226,842.39087,490.42975,789.24963,478.6206,842.39087,527.82544,775.4723,496.33435,844.3591,494.36615,830.5817,496.33435,820.7407,547.5074,832.5499,549.4756,846.3273,602.6168,854.2,584.9031
124,794.3845,445.32864,800.3055,443.355,792.4109,443.355,808.2001,443.355,790.43726,443.355,822.0156,463.09146,796.3582,461.11783,841.7521,494.66977,788.4636,484.80154,843.7257,536.11633,774.6481,498.6171,843.7257,500.59073,831.8838,500.59073,823.98926,551.9055,837.80475,551.9055,849.6466,605.1939,861.4885,587.4311
125,794.5242,445.3961,798.47125,443.42252,792.5506,443.42252,808.3391,443.42252,790.577,443.42252,822.154,463.1581,796.4977,461.18454,841.88965,494.73514,788.60345,484.86728,843.8632,536.17993,776.7621,494.73514,843.8632,500.6558,832.02185,500.6558,824.12756,549.9949,837.9425,551.9684,849.7839,605.2545,859.6517,587.49255
126,797.2865,455.8298,801.0081,452.10825,793.56494,452.10825,810.3121,450.2474,793.56494,452.10825,825.1984,470.71622,797.2865,466.9946,843.8064,502.3497,786.1217,487.46335,843.8064,541.4265,767.51373,498.62814,847.528,509.79294,832.6416,513.5145,827.05927,554.452,838.224,556.31287,853.1104,608.41516,866.136,587.9464
127,799.103,463.13562,802.7018,459.53693,795.50433,459.53693,811.69855,459.53693,793.70496,461.33624,824.29407,477.53046,797.3037,475.73114,845.88635,513.51764,781.1095,484.7279,842.2876,547.7054,761.3165,488.3266,853.08374,517.11633,831.49146,522.5144,833.29083,560.3009,829.69214,562.1003,854.8831,612.4823,865.67926,589.09064
128,796.8477,466.90048,802.3095,463.25925,795.02704,463.25925,811.41266,463.25925,795.02704,463.25925,824.157,483.28604,793.2064,477.8242,846.0044,516.05725,767.7178,485.10666,838.7219,548.82837,758.6147,476.00357,849.6456,521.5191,833.2601,526.98096,833.2601,561.5727,833.2601,568.85516,858.7487,614.37067,866.0312,587.06134
129,795.1778,463.96124,800.8987,460.14734,793.2708,460.14734,810.43353,462.05426,791.36383,462.05426,819.9683,481.12396,797.0848,475.403,842.8519,515.44934,766.5733,477.31,835.22406,547.86774,758.94543,465.86823,848.5728,523.07715,827.5962,526.8911,831.41016,568.84436,837.13104,559.3095,860.0146,614.6115,865.73553,586.007
130,792.9809,457.67474,796.842,453.81366,791.05035,453.81366,806.4947,457.67474,789.1198,453.81366,818.07794,476.9801,794.91144,471.18848,837.38336,513.6604,769.8144,469.25793,829.6612,544.5491,760.16174,461.53583,843.175,523.3131,825.8001,525.24365,833.5223,571.5766,839.3139,563.85443,858.6193,614.0485,862.4804,585.0904
131,792.6618,456.80927,796.5462,452.92493,790.71967,452.92493,806.2571,456.80927,788.77747,454.86713,817.9102,478.17334,794.604,470.4046,837.33203,513.1326,769.3556,468.4624,829.5633,544.2076,759.6447,460.69366,843.15857,522.84357,825.67896,524.7857,833.4477,571.39813,839.27423,563.6294,858.69604,614.12616,862.5804,584.9934
132,790.3668,452.11407,794.4927,447.98822,788.30383,447.98822,802.7445,452.11407,786.24097,450.05115,813.0593,472.74365,792.4298,466.55475,833.68884,505.75092,773.86316,462.4289,825.437,540.8211,759.4225,458.30298,837.8147,522.2545,823.374,524.31744,829.563,577.9543,839.8777,563.5136,858.44434,610.9615,860.5072,584.1431
133,786.9981,445.7906,791.149,443.71515,784.92267,443.71515,801.52625,445.7906,784.92267,447.86603,809.82806,468.62054,791.149,462.39417,828.5071,501.82776,772.47,460.31873,818.1298,535.035,751.71545,464.46967,830.5825,520.5068,818.1298,520.5068,822.28076,580.6949,826.43164,568.2421,859.63885,607.6757,859.63885,584.84576
134,783.1516,445.75458,787.27747,441.62872,781.0887,441.62872,797.59216,443.69165,781.0887,443.69165,805.8439,466.3839,789.34045,462.25806,824.41034,499.39087,770.774,466.3839,812.0327,532.3978,746.0188,472.57275,828.5362,524.1461,816.15857,524.1461,812.0327,581.90826,814.09564,569.53064,855.3544,604.6006,855.3544,588.09705
135,778.7613,445.06125,782.83636,440.9861,776.7237,443.0237,793.0242,445.06125,776.7237,445.06125,801.17444,467.4744,788.9491,463.39932,815.4374,500.0754,768.5735,469.512,801.17444,526.5637,740.0476,477.66226,821.55005,526.5637,815.4374,524.5261,803.212,581.5779,811.36224,573.4276,846.0008,601.9535,850.07587,593.8032
136,775.13165,447.96478,779.2616,445.89978,773.0667,445.89978,789.58636,447.96478,775.13165,447.96478,797.84625,468.61438,787.5214,466.54944,808.171,501.65375,768.93677,474.80927,789.58636,520.2384,735.8974,483.0691,818.49585,526.4333,814.3659,526.4333,791.65137,580.12225,801.97614,573.92737,841.2104,606.96674,845.34033,606.96674
137,775.18384,448.0451,779.31134,445.98138,773.1201,445.98138,789.63,448.0451,775.18384,448.0451,797.88495,468.68243,787.5662,466.6187,808.20355,501.70215,768.9927,474.87366,789.63,520.27576,735.97296,483.12854,818.5222,526.4669,814.3948,526.4669,791.6937,580.12396,802.0124,573.9328,841.2233,606.9525,845.35077,606.9525
138,768.9503,451.3947,773.12195,449.3089,766.86456,449.3089,783.55096,453.48053,768.9503,453.48053,791.8942,472.2528,779.3794,472.2528,798.1517,503.53992,762.69293,478.5102,777.2936,518.14056,735.57745,486.85345,814.8381,528.5696,810.6665,530.6554,781.4652,576.54315,804.40906,582.80054,821.0955,616.17346,850.2968,612.00183
139,761.9745,456.86343,768.0287,452.8273,761.9745,452.8273,780.13696,456.86343,761.9745,456.86343,788.2092,477.04404,774.08276,479.0621,790.2273,503.27884,759.9564,485.1163,766.0106,513.36914,737.7577,489.15237,810.40796,533.5498,804.35376,533.5498,774.08276,573.911,802.3357,588.0375,794.2634,628.3987,850.76917,612.25415
140,757.1685,462.10632,761.0092,458.26556,757.1685,458.26556,772.5315,462.10632,757.1685,464.02667,782.1333,481.31006,770.6111,485.15076,778.2926,506.27484,762.9296,488.99152,755.2481,512.03595,745.6463,490.91187,805.1778,538.9212,793.6556,540.84155,766.7703,577.3286,801.33704,590.7712,770.6111,633.01935,849.3463,608.0545
141,749.2196,467.40582,754.9989,463.55292,749.2196,463.55292,766.5575,467.40582,753.0725,469.3322,774.2633,486.67017,760.7782,492.44946,772.3368,505.9345,766.5575,511.71387,745.3667,509.7874,745.3667,509.7874,797.3805,546.3897,783.8954,548.31616,762.7046,586.8449,795.4541,594.5506,753.0725,631.1529,843.615,608.0357
142,743.2252,474.5979,748.75543,469.0677,743.2252,470.91113,761.65924,474.5979,743.2252,474.5979,767.18945,494.8753,754.28564,500.40552,772.71967,505.93573,756.129,504.09235,743.2252,509.62256,739.53845,509.62256,787.46686,553.86414,776.4065,559.39435,757.9725,598.1058,791.1537,599.9492,741.38184,631.287,839.08215,609.1662
143,743.144,474.75055,748.6714,469.22308,743.144,471.06555,761.5687,474.75055,743.144,474.75055,767.0961,493.1753,754.1988,500.54517,772.62354,506.07257,756.04126,504.2301,743.144,509.75757,741.3015,509.75757,787.36334,553.9769,776.3085,559.50433,757.8837,598.1963,791.0483,600.03876,741.3015,631.36084,838.95264,609.25116
144,740.65576,482.2213,743.4939,479.38318,737.81757,479.38318,754.84656,482.2213,740.65576,482.2213,763.3611,502.0885,743.4939,499.2503,763.3611,513.44116,720.7886,507.76483,743.4939,510.60303,749.1702,499.2503,771.8756,564.5282,777.55194,561.69,752.0084,609.9389,786.0664,607.1007,729.3031,643.9969,831.4771,609.9389
145,732.91785,493.07788,738.09106,489.198,732.91785,487.90466,749.73083,493.07788,747.1442,493.07788,752.31744,513.77075,756.1973,508.59753,760.0773,525.4105,770.4237,509.89087,744.5576,513.77075,774.30365,513.77075,769.13043,570.6762,769.13043,568.0896,740.6777,600.42224,771.71704,609.4754,817.62933,616.58856,817.62933,614.00195
146,728.0088,503.18253,732.7085,498.48294,729.5753,498.48294,740.54114,503.18253,745.24084,501.616,743.6743,521.981,746.8074,518.84796,754.64,528.24725,764.0393,518.84796,771.8721,518.84796,775.0051,517.28143,765.60583,572.1105,776.57166,567.4108,737.4081,601.8748,762.4728,611.27405,729.5753,648.87115,764.0393,628.50604
147,726.4327,503.52275499999996,732.4497,500.25615,727.21595,499.33937000000003,740.94995,505.356315,734.13197,503.65626499999996,744.3501200000001,523.9234,739.4991500000001,522.35688,747.0826,538.974725,760.03332,525.10723,742.86365,537.94223,765.51622,520.656815,769.067665,573.74135,766.2995,572.3082999999999,736.6331,600.5417,762.0004,621.743475,726.2991999999999,653.377025,766.4508000000001,652.36232
148,724.8566,503.86298,732.1909,502.02936,724.8566,500.1958,741.35876,507.5301,723.0231,505.69653,745.02594,525.8658,732.1909,525.8658,739.5252,549.7022,756.02734,531.3665,713.8552,557.0365,756.02734,524.0322,772.5295,575.3722,756.02734,577.2058,735.8581,599.2086,761.528,632.2129,723.0231,657.8829,768.8623,676.2186
149,724.8629,503.8473,732.18866,502.0158,724.8629,500.1844,741.3459,507.5102,723.03143,505.6787,745.0088,525.82465,732.18866,525.82465,739.51447,549.6334,755.9975,531.319,713.8742,556.9592,728.52576,511.17303,774.31195,577.10516,755.9975,577.10516,735.85156,599.0825,761.4918,632.0485,723.03143,657.6888,768.8176,676.00323
150,724.8724,501.29742,729.89264,497.95056,724.8724,497.95056,739.9331,504.64423,721.5255,501.29742,744.95337,524.7252,733.23944,523.0518,743.27997,561.5404,744.95337,559.867,731.56604,581.6214,728.2192,569.9075,773.4014,571.5809,760.0141,571.5809,734.91284,598.3555,721.5255,621.7834,723.199,656.9251,726.5458,651.9049
151,729.2513,497.53052,733.198,491.61047,727.27795,491.61047,743.0647,495.55713,723.33124,495.55713,745.038,523.184,731.2246,519.2373,752.93146,558.7043,747.0114,560.6776,747.0114,584.3578,735.1713,590.27783,772.6649,568.571,756.8781,566.59766,733.198,604.09125,723.33124,606.06464,723.33124,659.34503,725.30457,655.3983
152,732.10187,490.03058,737.84894,486.19922,730.18616,486.19922,743.596,491.9463,724.4391,490.03058,751.25885,516.85034,732.10187,514.9347,760.83734,555.1643,712.9449,532.1759,758.92163,591.5625,711.0292,530.26025,772.3315,562.8271,753.1745,560.9114,737.84894,599.22534,724.4391,599.22534,724.4391,656.6962,755.0902,627.96075
153,738.2065,482.67548,742.2858,478.59613,734.1272,478.59613,748.4048,484.7151,728.0082,484.7151,756.5635,511.2307,736.1668,505.11176,758.60315,549.9843,725.9685,515.31006,738.2065,568.34125,707.6116,525.50836,772.88074,562.2223,752.48413,556.10333,744.3255,598.9362,725.9685,594.8569,725.9685,658.0864,740.24615,647.8881
154,742.04944,474.86652,746.3273,472.72754,737.77155,470.58862,752.74414,477.00543,733.49365,474.86652,763.43884,506.95062,735.63257,500.5338,780.5504,539.0348,724.93787,506.95062,789.1062,575.39685,703.5484,521.9233,771.9946,554.0074,752.74414,551.86847,752.74414,596.7863,729.21576,590.36945,729.21576,652.3988,737.77155,645.982
155,742.0416,474.84848,746.31995,472.70932,737.76324,470.57016,752.7375,476.98764,733.48486,474.84848,763.43335,506.93613,735.6241,500.5186,780.54675,539.0237,724.9282,506.93613,789.10345,575.38965,703.53644,521.9103,771.99005,553.9979,752.7375,551.85876,752.7375,596.7815,729.20654,590.3639,729.20654,652.4,737.76324,645.9824
156,748.39264,469.7862,752.728,465.45074,744.0572,465.45074,759.23114,467.61847,739.72174,469.7862,767.90204,493.63098,737.5541,489.2956,789.57916,523.97894,724.5478,502.30188,800.41766,562.9978,702.87067,517.4758,776.5729,549.9915,752.728,547.8238,757.0635,597.68115,731.0509,589.0103,737.5541,647.5385,735.38635,645.3708
157,755.6626,462.94543,760.0725,458.53558,751.2527,460.74048,764.4824,462.94543,746.8428,465.1504,777.7121,489.40485,740.22797,484.99493,799.7616,518.06915,724.79333,500.42957,810.7863,553.3483,709.3587,515.8642,777.7121,544.52856,755.6626,542.3236,762.27747,590.83246,733.6131,586.42255,744.6379,645.9562,733.6131,641.54626
158,762.4,460.39758,764.61255,455.97247,757.97485,453.7599,771.25024,458.185,751.33716,460.39758,786.73816,484.73578,746.9121,480.3106,806.65125,515.7116,731.4242,500.2237,815.50146,548.9,718.1488,517.9242,784.52563,535.6247,757.97485,535.6247,766.8252,584.301,740.2744,582.08844,757.97485,644.0402,735.84924,641.82764
159,769.6831,455.76202,774.11676,451.32837,765.24945,453.54517,778.5504,455.76202,758.59894,455.76202,791.8514,480.1471,751.9485,477.9303,811.8028,515.61633,740.8643,502.31537,820.6701,546.6519,729.7802,524.48364,785.20087,533.35095,760.8158,533.35095,774.11676,577.6875,749.7316,582.12115,769.6831,637.5419,738.6475,637.5419
160,775.3388,455.2704,779.7846,450.8246,770.893,450.8246,784.2304,455.2704,766.44727,455.2704,797.56775,477.49927,757.55566,477.49927,815.3509,513.06555,748.6641,501.9511,822.01953,544.18604,739.7725,528.6258,788.67615,528.6258,766.44727,526.4029,782.0075,575.3065,755.33276,577.5294,784.2304,633.10175,741.9954,635.32465
161,775.3164,455.29938,779.7612,450.85455,770.8715,450.85455,784.2061,455.29938,766.4267,455.29938,797.5406,477.52362,757.537,477.52362,815.32,513.0824,748.6473,501.97028,821.98724,544.1963,739.7576,528.63934,788.65094,528.63934,766.4267,526.41693,781.98364,575.31024,755.3146,577.53265,784.2061,633.09326,741.98004,635.3157
162,783.48486,455.15662,787.732,453.03308,779.23773,453.03308,791.9791,455.15662,772.86707,455.15662,802.5969,480.63934,762.24927,478.5158,819.58545,512.49274,753.755,503.99854,828.07965,544.3462,747.38434,531.6048,794.10266,527.35767,768.61993,523.1106,791.9791,576.1996,762.24927,576.1996,800.4734,627.16504,745.2608,629.28864
163,788.7514,457.08124,793.00183,452.83075,784.5009,452.83075,797.25226,457.08124,778.12524,457.08124,810.00366,482.58392,767.4991,480.45874,827.00543,512.3371,756.873,505.96143,833.38116,539.9651,748.3721,533.58936,799.3775,529.3389,771.7496,527.2137,807.8784,580.34436,767.4991,580.34436,814.2541,618.59845,744.1216,629.2246
164,798.2358,457.86884,800.3559,453.6286,791.87537,453.6286,804.5961,455.74872,787.6351,457.86884,817.31696,481.1903,777.0344,479.07013,834.278,510.87213,757.95325,502.3916,844.87866,534.19354,749.4727,532.0734,804.5961,536.3137,777.0344,534.19354,821.5572,578.7163,770.6741,585.0767,825.7975,612.6384,743.11237,629.5995
165,805.3666,456.99243,809.47125,452.88782,801.2619,452.88782,815.62823,456.99243,795.1049,456.99243,825.88983,481.62036,784.8433,481.62036,846.4131,506.2483,766.3724,498.03894,854.6224,530.8762,756.1107,518.56226,809.47125,537.03314,784.8433,534.98083,840.2561,578.0797,774.58167,584.2367,829.9945,612.96924,743.7968,629.3878
166,816.1857,453.4724,820.5261,449.13196,811.8453,449.13196,824.8666,453.4724,805.33466,453.4724,835.71765,475.17456,794.4836,479.51495,855.2496,499.04688,772.78143,496.8767,863.9304,518.5788,761.93036,516.4086,820.5261,531.6001,792.31335,531.6001,855.2496,572.83417,779.2921,581.515,835.71765,616.2384,742.39844,627.0895
167,816.1785,453.5608,820.51556,449.22375,811.8415,449.22375,824.8526,453.5608,805.3359,453.5608,835.69525,475.24603,794.4933,479.58313,855.212,499.09985,772.808,496.93134,863.8861,518.6166,761.9654,516.44806,820.51556,531.62775,792.32477,531.62775,855.212,572.8298,779.3136,581.50385,835.69525,616.20026,742.4486,627.0429
168,824.554,448.2726,831.1368,443.88412,822.35974,443.88412,835.5253,446.07834,815.777,448.2726,846.49664,465.8267,806.99994,472.40952,864.0507,492.15787,785.0573,487.76932,872.82776,511.90622,776.2803,503.12918,831.1368,525.0718,804.80566,527.266,861.85645,571.15125,789.44586,575.5398,835.5253,615.0365,749.94916,621.61926
169,837.0556,442.24023,841.24054,438.0553,832.87067,440.14777,847.51794,440.14777,826.5932,442.24023,857.98035,458.98004,820.3158,467.3499,872.6276,484.08972,795.2061,490.36713,883.08997,507.10693,786.83624,509.1994,841.24054,523.8467,816.13086,523.8467,868.4427,567.78864,803.57605,571.9736,837.0556,613.82306,765.9115,620.10046
170,847.0754,436.89978,851.26935,432.7058,842.8814,434.8028,857.5603,436.89978,836.5904,438.99677,868.0452,455.77264,830.29944,464.16064,882.7242,478.83954,809.3295,489.32446,891.1121,501.90637,805.13556,512.39136,851.26935,516.5853,828.20245,516.5853,874.3362,562.71906,821.9115,566.913,840.78436,608.8528,786.2627,613.04675
171,859.3684,433.77954,861.5087,431.63922,855.08777,431.63922,867.9297,433.77954,848.66675,433.77954,876.49097,453.04242,840.10547,459.46344,889.33295,476.586,822.9829,489.42798,900.03455,502.2699,827.26355,510.83118,861.5087,510.83118,840.10547,510.83118,882.9119,557.91833,840.10547,562.199,848.66675,602.8651,808.0006,609.2861
172,869.8642,434.20538,871.9597,430.0144,863.57776,430.0144,878.2461,432.10986,857.2913,432.10986,884.5326,453.0647,851.0049,457.2556,895.00995,478.21045,836.33655,490.78333,909.67834,503.3562,844.71844,507.54712,867.76874,505.45166,846.8139,505.45166,892.9145,553.6477,857.2913,559.93414,861.4823,597.6528,827.9546,603.9392
173,869.85016,434.20862,871.9465,430.0161,863.56134,430.0161,878.2353,432.11237,857.2725,432.11237,884.5241,453.07513,850.9837,457.2677,895.0055,478.23047,836.30975,490.8081,909.67944,503.38574,844.6949,507.5783,867.7539,505.48206,846.79114,505.48206,892.90924,553.6964,857.2725,559.9852,861.4651,597.7182,827.9246,604.007
174,880.4204,433.5556,884.5841,429.3919,874.1749,429.3919,888.74774,433.5556,867.92944,433.5556,894.9932,454.3739,861.68396,458.53754,903.32056,479.3559,849.193,491.84686,915.8115,506.41968,861.68396,508.50146,878.3386,506.41968,855.4385,506.41968,905.4024,550.1381,872.09314,556.3836,878.3386,593.8565,845.0293,604.2657
175,890.3745,436.2527,894.3538,432.27338,886.3952,432.27338,900.3228,436.2527,880.4262,436.2527,904.3021,458.13892,874.4573,458.13892,912.26074,489.9734,860.52966,491.96307,928.178,515.8389,872.4676,515.8389,886.3952,507.8803,860.52966,505.8907,914.25037,547.67346,886.3952,553.64246,902.31244,595.42523,870.47797,609.3528
176,901.0467,440.6653,905.0107,436.70132,897.0827,436.70132,910.95667,438.68332,893.1187,442.6473,914.92065,462.46725,885.19073,464.44925,920.86664,494.17923,865.3707,498.14322,934.74066,519.9452,875.2807,517.96313,891.13666,512.0172,867.3527,512.0172,922.84863,549.67505,897.0827,557.603,926.8126,595.261,879.2447,611.11694
177,911.2269,442.30457,915.04803,438.4834,905.49524,440.39398,920.7797,442.30457,901.6741,444.2151,924.6008,465.23132,895.9424,465.23132,926.5114,495.80035,874.9262,493.88977,943.70654,520.63763,878.7473,520.63763,901.6741,516.8165,880.6579,516.8165,932.2431,551.20667,907.40576,560.75946,939.8854,595.1496,880.6579,608.52356
178,918.66925,443.7352,922.51373,439.89078,914.8248,439.89078,926.35815,441.81302,909.05817,443.7352,930.2026,464.8796,903.29156,466.80185,934.04706,495.6351,878.30273,493.71286,949.42474,516.7794,878.30273,516.7794,907.136,516.7794,891.75824,518.70166,941.7359,547.5349,924.4359,557.146,941.7359,593.66815,887.9138,603.27924
179,918.79333,443.88416,922.6364,438.11957,914.95026,440.04108,926.4795,441.96265,909.1856,443.88416,930.3226,465.02112,903.421,466.94263,934.1656,493.84418,878.44104,493.84418,949.5379,516.90265,878.44104,516.90265,907.2641,514.9811,891.8918,516.90265,941.85175,545.7257,924.5579,557.25494,941.85175,591.8426,888.0487,603.3718
180,924.925,440.52496,926.8079,434.87616,919.2762,436.7591,932.45667,436.7591,915.5103,442.4079,936.22253,461.23724,909.8615,463.12018,938.10547,491.36414,883.5005,491.36414,956.9348,512.07635,883.5005,517.72516,923.04205,512.07635,902.3298,513.9593,949.4031,540.3204,936.22253,553.5009,943.7543,591.15955,900.44684,598.6912
181,929.6613,434.03934,931.5799,428.28348,923.9054,432.1207,935.4172,432.1207,918.1495,437.87662,939.25446,457.06302,914.3122,458.98166,939.25446,485.84256,887.4513,487.7612,948.8476,491.59848,883.614,506.94754,920.0681,506.94754,904.719,510.78482,956.52216,535.7272,946.929,547.23895,945.01044,589.449,923.9054,597.12354
182,930.60034,429.284,932.562,425.36053,924.7152,427.32227,938.44714,427.32227,920.79175,433.2074,940.40894,452.82452,916.86835,454.78625,946.29407,480.28845,893.3278,476.36505,973.75793,488.1353,875.6724,494.02045,924.7152,505.7907,909.0215,509.71417,961.9877,531.29297,954.14087,546.98663,950.2174,592.106,942.3706,601.91455
183,931.8677,424.08545,933.88684,418.02795,927.82935,422.06628,939.9442,422.06628,923.791,428.12372,941.9634,448.3152,921.77185,450.33435,950.0399,472.54498,897.5421,464.46838,950.0399,464.46838,865.2357,476.58325,927.82935,504.85132,913.6953,508.88965,964.17395,535.13855,958.1166,549.2726,954.07825,587.6364,941.9634,601.77045
184,932.8624,418.64066,934.9546,414.4564,926.58606,416.5485,941.2311,416.5485,924.4939,422.82492,943.3231,443.7463,924.4939,441.6542,957.96814,454.20706,893.1118,456.29916,976.7975,443.7463,859.6376,464.66776,932.8624,506.5106,918.21747,506.5106,966.3367,537.8927,960.0603,546.2612,953.7838,588.104,943.3231,600.65686
185,932.8627,418.63898,934.9553,414.4536,926.5846,416.54633,941.2335,416.54633,924.4918,422.8244,943.3262,443.7514,924.4918,441.6587,957.9751,454.2149,893.1014,456.30762,976.8093,443.7514,859.61816,464.6784,932.8627,506.5324,918.21375,506.5324,966.3458,537.9229,960.06775,546.2937,953.7897,588.1477,943.3262,600.7039
186,930.22253,411.89465,934.64,405.2685,925.8052,409.6859,941.2661,409.6859,923.59644,414.10333,943.47485,436.19043,925.8052,433.9817,972.188,427.3556,892.67456,445.02527,967.7706,405.2685,859.54395,453.86005,936.84875,500.24292,923.59644,500.24292,967.7706,537.79095,956.72705,544.4171,954.51843,588.59125,943.47485,601.8435
187,926.1656,398.50537,928.4959,393.84485,921.50507,396.1751,935.48663,398.50537,919.17487,403.1659,944.8077,424.13824,921.50507,424.13824,954.1287,431.12903,888.8815,435.78955,956.45905,400.83563,860.91833,447.44086,944.8077,489.38556,926.1656,491.71576,968.1103,535.9907,947.138,542.9815,956.45905,584.9262,944.8077,598.9078
188,922.3086,386.74103,922.3086,382.04065,915.25793,386.74103,927.00903,386.74103,910.55756,393.7917,938.76013,412.59332,912.90784,414.94354,959.912,417.29376,891.7559,431.39496,948.1609,389.09125,868.25385,443.146,950.5111,478.3991,931.7095,480.74933,964.6123,532.4539,938.76013,537.1543,955.21155,586.50867,936.4098,591.20905
189,903.5717,377.59882,905.95935,375.21118,898.7965,379.9864,915.5098,382.37402,898.7965,391.9245,932.2231,401.4749,905.95935,413.41296,956.0992,391.9245,886.85846,434.9015,934.61066,372.82355,867.75757,444.45197,956.0992,468.32806,934.61066,470.7157,965.6497,523.24316,934.61066,528.0184,958.4869,575.7706,925.06024,580.54584
190,898.13116,382.0273,898.13116,379.57584,893.22833,384.47873,905.4855,382.0273,893.22833,396.73593,925.09705,391.83304,900.58264,413.89597,937.3541,367.3187,900.58264,426.15317,932.4513,357.5129,905.4855,413.89597,956.9657,450.6675,934.9027,458.02182,969.2229,514.4049,927.54846,519.30774,961.8685,568.3364,907.9369,573.2394
191,898.2246,382.03107,898.2246,379.58337,893.3292,384.47876,905.5676,382.03107,893.3292,396.71716,925.1492,391.82184,900.67224,411.40332,937.3876,367.34497,900.67224,426.08942,932.4922,357.5542,905.5676,413.851,956.969,450.56628,934.93994,457.90936,969.2075,514.2062,927.5968,519.10156,961.8645,568.0553,908.0154,572.9507
192,893.2757,385.88333,890.75037,383.358,888.22504,388.40866,898.3263,383.358,888.22504,401.03525,916.00354,385.88333,903.37695,418.7125,918.52893,350.52884,916.00354,358.10477,898.3263,327.80093,898.3263,327.80093,956.4087,443.96573,936.2062,451.54166,976.6113,509.62405,923.57947,512.1494,963.98474,560.1305,903.37695,552.55457
193,891.49304,388.03494,889.1009,385.6428,886.70874,390.4271,898.6695,385.6428,889.1009,402.38785,915.4145,390.4271,903.4538,421.525,903.4538,356.93704,915.4145,411.95645,886.70874,325.8391,917.8067,388.03494,958.4732,440.6622,936.9438,447.83865,980.0025,500.4659,920.1988,507.6423,972.8261,555.48535,893.8852,536.34814
194,891.2377,388.07376,889.15686,385.99295,887.0761,392.23526,901.6415,390.1545,891.2377,402.63907,912.0453,394.316,903.7222,421.36594,901.6415,363.10458,920.3683,408.88138,882.9146,340.2162,924.5298,381.83145,955.74133,440.0928,937.0144,450.4966,980.71045,490.0311,918.28754,508.75797,980.71045,548.2925,891.2377,519.16174
195,890.3078,394.73685,888.2954,390.71207,884.2706,394.73685,894.3326,390.71207,882.2582,402.7864,914.45654,394.73685,902.38214,422.91037,904.39453,368.57568,924.5185,410.83597,904.39453,368.57568,928.54333,386.68723,956.7168,447.0591,936.5929,459.13345,982.8779,489.31943,914.45654,515.4806,988.91516,541.6417,896.345,509.4434
196,888.65826,398.16382,888.65826,394.57538,883.2756,398.16382,897.62933,394.57538,885.0698,407.13495,915.57153,401.75226,899.4236,425.07715,913.77734,371.25055,926.33685,425.07715,894.0409,380.22162,931.71954,401.75226,955.04443,451.99042,933.51373,462.75574,981.95764,486.08057,917.3658,516.58234,998.1057,538.113,899.4236,521.96497
197,888.7756,398.24817,888.7756,392.8684,883.3958,398.24817,897.7419,394.66165,885.1891,407.21448,915.67444,401.83466,899.53516,423.35376,913.88116,371.34933,926.43396,423.35376,894.15533,378.52237,931.8137,403.62793,956.9193,452.04584,933.607,462.80536,982.0249,486.11774,917.4677,516.6031,998.1642,538.12213,899.53516,521.98285
198,891.4299,407.98383,889.59735,400.65375,885.9323,406.1513,895.0949,396.9887,884.0998,411.64893,907.92255,404.3188,896.9274,433.63916,920.75024,380.49603,926.2478,439.13672,896.9274,400.65375,933.5779,418.979,951.903,451.96436,933.5779,464.792,979.3909,490.44733,920.75024,514.2701,1005.0462,538.09283,907.92255,543.5904
199,887.3721,407.73343,891.26184,403.84372,883.4823,405.78854,897.09644,405.78854,881.5375,411.6232,916.54504,413.56802,893.20667,440.79617,937.9386,401.89883,910.71045,462.18973,926.2694,409.6783,895.1515,440.79617,949.6078,460.24484,928.21423,473.85892,974.891,493.3076,920.4348,518.5908,1007.95374,536.0946,924.3246,561.37787
200,887.55865,414.65613,891.4129,410.80188,883.7044,412.729,899.12146,412.729,879.8501,418.51044,914.5385,424.2918,891.4129,449.34454,945.3726,418.51044,906.82996,476.3244,929.95557,437.78174,924.1742,468.61584,949.22687,468.61584,928.02844,485.96002,970.42535,497.52283,918.39276,534.13837,1007.04083,539.91974,926.1013,563.04535
201,887.74066,422.15662,891.365,416.7201,882.30414,418.5323,898.61365,418.5323,880.492,425.78094,916.7353,431.21747,891.365,454.77563,951.1665,433.0296,900.4258,483.77026,942.1056,456.58777,905.8623,487.3946,949.35425,472.89728,929.4205,483.77026,972.9125,507.32843,909.48663,530.8866,1001.9071,545.3839,923.98395,561.6934
202,888.3824,422.3458,890.26355,418.58347,882.7389,420.46463,899.6693,420.46463,880.8578,426.10806,918.4809,433.63272,892.1447,452.44424,954.22284,444.91965,895.907,473.13693,948.5794,473.13693,899.6693,488.1862,950.4605,475.0181,926.0055,482.54276,973.03436,516.40356,909.0751,531.4528,1005.014,563.43243,924.1243,563.43243
203,888.3363,422.27856,890.2183,418.5144,882.6901,420.39648,899.6286,420.39648,880.80804,426.04266,918.4492,433.57086,892.1004,452.39142,954.20825,444.86322,895.8645,473.09406,948.56213,473.09406,899.6286,488.1505,950.4442,474.97614,925.9774,482.50433,973.0288,516.38135,909.03894,531.43787,1005.0238,563.4328,924.09534,563.4328
204,889.3826,420.89316,893.1752,417.10056,885.5901,418.99686,902.6566,418.99686,883.6938,424.6857,921.6194,434.16708,895.0715,451.2336,953.8562,447.44107,898.864,479.67783,959.54504,477.7816,904.55286,494.8481,950.0636,472.09274,927.3082,481.57413,976.6116,527.0849,910.2417,530.87744,999.36694,574.4919,925.412,563.11426
205,894.798,419.58014,898.5351,413.9745,891.0609,415.84302,906.00934,417.71155,889.1923,419.58014,924.6948,432.65997,896.66656,449.477,958.32886,445.73987,896.66656,470.03107,963.93445,479.37384,902.2722,484.9795,952.72314,475.63672,928.43195,481.24237,973.2772,529.82477,911.615,527.95624,997.5685,580.2757,924.6948,561.5902
206,898.9688,414.76218,902.6989,411.03214,895.2388,411.03214,912.024,414.76218,893.3738,416.62723,928.8092,429.6824,898.9688,442.73758,960.5146,442.73758,898.9688,468.84787,967.9747,476.308,902.6989,483.7681,951.1895,472.5779,928.8092,478.173,975.4349,526.6636,912.024,528.5287,997.8151,577.0193,923.2142,560.234
207,904.81085,413.58395,908.6706,409.72427,900.9511,409.72427,916.39,411.65414,899.0213,413.58395,935.68854,429.02286,900.9511,440.60202,964.6364,444.4617,900.9511,465.69016,970.4261,475.33945,904.81085,483.05887,953.0573,471.47977,929.899,477.26932,974.2857,523.58594,908.6706,527.4457,999.37396,577.622,920.2497,556.39355
208,909.73206,415.0932,913.6166,411.20862,905.84753,411.20862,921.3856,413.15094,901.963,413.15094,940.80835,430.6313,903.9053,440.3426,968.0,448.1117,901.963,467.53436,973.8268,477.24567,905.84753,485.0147,954.4042,471.41888,929.1547,477.24567,973.8268,521.9178,905.84753,523.86005,1001.01855,572.4167,915.55884,556.87854
209,909.7506,415.23203,913.63336,411.34927,905.86786,411.34927,921.39886,413.29068,901.9851,413.29068,940.8126,430.76303,903.9265,440.46988,967.9918,448.23538,901.9851,467.64908,973.8159,477.356,905.86786,485.1215,954.4022,471.53183,929.16437,477.356,973.8159,522.00757,905.86786,523.949,1000.99524,572.4833,915.57477,556.9523
210,914.2215,414.2732,918.09283,410.40186,910.35016,410.40186,925.8355,414.2732,908.4145,416.20886,943.25653,433.62988,906.4788,441.3725,968.4201,454.92218,900.6719,466.53613,976.1628,489.76416,900.6719,489.76416,956.8061,478.15015,931.6425,482.02148,974.2271,526.54175,902.60754,526.54175,1003.26215,574.9334,908.4145,563.3194
211,918.98505,417.85,922.8763,413.95883,915.0939,413.95883,930.6586,415.90445,913.14825,417.85,946.2236,437.30606,909.257,441.1973,969.57074,462.5989,897.58344,468.4357,975.40753,495.67416,891.74664,487.89175,955.9516,484.00058,932.6043,485.9462,977.3532,532.6406,903.4202,530.69507,1006.5373,577.3895,903.4202,569.6072
212,923.99927,419.9263,927.8861,416.03946,920.1124,416.03946,935.65967,419.9263,918.16907,421.86972,949.26355,441.30374,912.3388,445.19058,970.641,468.51144,896.79156,466.56808,974.52783,499.606,883.1877,484.05875,957.03723,487.94553,933.7163,489.88895,976.4713,532.6439,904.5652,532.6439,1009.50916,579.2857,902.62177,569.56866
213,926.8353,424.01263,930.93896,419.90894,922.7316,421.96082,937.09436,421.96082,918.628,424.01263,951.45715,444.53088,916.5762,446.5827,969.9236,475.3083,896.05786,462.9973,969.9236,506.0857,877.59143,475.3083,959.66455,495.82654,932.9907,495.82654,982.2346,540.96674,902.2134,538.9149,1010.9602,582.00323,900.16156,567.6405
214,924.9514,427.6952,929.2783,423.36823,922.78796,423.36823,935.7687,425.53174,918.46106,427.6952,950.91296,447.16626,916.2976,447.16626,966.0571,479.6181,896.8265,457.98358,963.8937,509.90656,873.02844,468.80084,957.4033,496.92578,931.4418,496.92578,979.03784,544.52185,896.8265,540.19495,1009.3263,581.3006,894.663,561.8295
215,924.87244,427.63553,929.20667,423.30124,922.7053,423.30124,937.8751,425.4684,920.5382,427.63553,950.8779,447.13968,916.20386,447.13968,966.04785,479.64658,896.69977,457.9753,963.88074,509.98636,872.8613,468.81094,957.3793,496.98355,931.3738,496.98355,979.05054,544.6604,896.69977,540.3262,1009.3904,581.5016,894.5326,561.99744
216,920.02435,428.15506,924.4428,423.73648,917.81506,423.73648,931.0706,425.94577,915.6058,428.15506,944.32635,448.03848,911.18726,448.03848,957.582,481.17752,893.51306,454.6663,950.95404,512.1073,869.2111,463.5034,953.1634,498.8517,926.65216,496.64243,977.4654,543.0371,891.30383,536.4093,1010.60443,580.5946,891.30383,565.12976
217,911.1932,426.3299,915.73535,424.05878,908.9221,424.05878,924.8197,426.3299,906.651,426.3299,938.4463,446.7697,904.3799,444.49866,947.53064,480.83612,890.75336,453.583,936.1752,510.3603,863.50024,462.66736,949.80176,496.73376,922.5486,494.4627,972.5127,544.4267,883.94006,530.8002,1008.8502,578.4931,886.2112,576.222
218,903.26654,425.25964,905.5743,422.9519,898.6511,422.9519,914.8052,425.25964,896.3434,425.25964,928.65137,446.02905,898.6511,443.7213,937.8822,478.33704,884.8048,452.9522,921.7283,512.95276,859.42,462.18304,942.4977,494.49103,917.1128,492.1833,967.88257,542.953,880.1894,526.799,1007.11365,577.5687,877.8817,577.5687
219,893.3823,425.61374,895.73724,423.25876,888.6724,420.90384,902.8021,423.25876,886.31744,423.25876,916.9318,444.45328,893.3823,442.09836,926.3516,479.77756,881.6076,451.51816,907.512,508.0369,855.7031,463.29288,935.7714,489.19736,909.86694,489.19736,961.67584,538.65125,879.2526,529.23145,1001.71,576.33044,869.8328,583.39526
220,884.4077,426.7545,886.73694,422.0961,879.7494,422.0961,896.0536,424.42532,877.4203,424.42532,907.69946,445.38785,884.4077,443.0587,912.3578,482.65463,875.09106,452.3754,893.7245,510.60477,854.12854,464.02127,928.6621,487.31302,905.37036,489.64218,956.6122,538.5548,875.09106,533.8965,998.53735,573.49243,865.7744,589.79675
221,884.3933,426.74075,886.7213,422.0847,879.73724,422.0847,896.03345,424.41275,877.40924,424.41275,907.6736,445.36496,884.3933,443.0369,912.3296,482.61337,875.0812,452.34903,893.7054,510.54965,854.12897,463.98917,928.62585,487.26944,905.3455,489.59744,956.56213,538.48596,875.0812,533.82996,998.46655,573.4064,865.7691,589.7025
222,876.9563,426.67023,881.39197,422.23456,872.5207,422.23456,888.0454,424.4524,868.085,422.23456,899.1345,444.41278,876.9563,444.41278,903.5701,484.3335,868.085,453.284,883.6098,508.7295,850.3425,468.80878,923.53046,488.7691,901.3523,490.98694,947.92645,539.77893,872.5207,533.1255,994.5007,570.82837,865.86725,588.5709
223,867.3025,425.66534,871.6885,421.2793,867.3025,421.2793,882.65356,423.47235,862.9165,421.2793,893.61865,445.4024,869.4955,438.82343,898.00464,482.6836,865.1095,454.17444,876.07446,506.8067,845.37244,471.7185,915.5487,489.26263,893.61865,491.45563,939.6719,541.89484,869.4955,533.1228,985.725,570.40393,865.1095,590.14105
224,864.4669,424.65082,866.5421,420.5005,860.31665,420.5005,874.8427,422.57568,856.1663,422.57568,887.2936,441.252,864.4669,439.17688,893.51904,480.67987,862.3918,455.77808,870.6924,505.58167,843.71545,474.4544,912.1954,488.98047,889.3687,488.98047,928.79663,540.8592,866.5421,532.5586,974.44995,569.9113,864.4669,590.6628
225,858.0963,421.20322,862.4727,416.82687,853.72,416.82687,869.0373,419.01505,851.53174,419.01505,882.1664,438.70877,860.28455,438.70877,890.9192,478.09616,858.0963,456.21426,869.0373,502.16623,844.9672,478.09616,908.4247,484.66074,886.5428,486.8489,917.1774,541.5536,864.6609,532.8009,960.94116,574.37646,864.6609,589.69385
226,853.193,417.43338,857.48505,413.14133,851.047,413.14133,866.06915,415.28738,846.75494,415.28738,878.94525,434.6016,855.33905,434.6016,887.52936,471.08395,855.33905,456.0618,868.21515,498.98227,844.6089,479.66806,904.6976,479.66806,883.2373,481.81412,908.9896,537.6107,863.9231,531.1726,943.326,574.09314,863.9231,586.96924
227,853.1919,417.2088,857.48914,412.91156,851.0433,412.91156,866.0836,415.06024,846.74603,415.06024,878.97534,434.39783,855.3405,434.39783,887.5698,470.92438,855.3405,455.88403,868.23224,498.85645,844.5974,479.51886,904.75885,479.51886,883.2726,481.66748,909.0561,537.5317,863.935,533.23444,943.434,574.0582,863.935,586.94995
228,850.10516,413.67188,854.3454,409.4317,847.98505,409.4317,862.82574,411.55182,845.8649,411.55182,875.5464,430.63275,852.2253,432.7528,888.267,466.6745,854.3454,453.95386,871.3062,492.11566,845.8649,477.27496,900.9876,479.39508,879.7866,481.5152,900.9876,536.6379,862.82574,532.39764,932.7891,574.7997,864.94586,587.5203
229,847.8533,410.47733,852.34424,405.98636,845.6078,405.98636,861.3262,405.98636,841.1168,408.23184,874.79913,428.44125,850.09875,428.44125,883.7811,464.3691,852.34424,455.38718,868.0627,491.31497,847.8533,477.84207,897.254,475.5966,877.0446,475.5966,895.00854,536.22485,863.5717,529.4883,924.19995,576.6437,863.5717,587.8711
230,845.2632,407.57578,849.7851,403.05386,843.00226,403.05386,858.8289,405.3148,840.74133,405.3148,872.39465,425.66336,847.5242,425.66336,883.6994,464.09958,849.7851,450.53384,870.13367,491.23105,845.2632,475.40433,892.7432,475.40433,872.39465,475.40433,890.4823,534.1891,863.3508,531.9282,917.6138,577.1472,863.3508,588.452
231,844.0634,403.49658,848.56683,398.9931,839.55994,398.9931,857.5738,403.49658,837.30817,403.49658,871.08417,423.7622,846.3151,426.01392,882.34283,459.78992,848.56683,450.78296,871.08417,489.06244,846.3151,475.55206,886.8463,475.55206,868.83246,475.55206,886.8463,534.0971,862.0773,534.0971,909.36365,576.88007,862.0773,588.13873
232,841.12244,402.8442,845.6492,398.3174,838.859,398.3174,856.9663,400.58078,838.859,402.8442,870.54675,423.21494,845.6492,423.21494,881.8638,459.42953,847.9126,448.11246,870.54675,491.11728,845.6492,473.00998,884.1272,475.2734,863.7565,475.2734,884.1272,531.85864,863.7565,534.1221,904.4979,577.12695,863.7565,588.444
233,841.18036,402.8777,845.70776,398.35028,838.9167,398.35028,857.0263,400.61395,838.9167,402.8777,870.6085,423.25098,845.70776,423.25098,881.927,459.4702,850.23517,448.15173,870.6085,491.1621,845.70776,473.0525,884.19073,475.31616,863.8174,475.31616,884.19073,531.9087,863.8174,534.1724,904.5641,577.1828,863.8174,588.5013
234,841.2478,399.63058,845.754,397.37747,838.9947,397.37747,854.76654,399.63058,836.7416,399.63058,868.2852,422.16177,843.5009,422.16177,879.55084,458.2117,848.00714,446.94614,870.5383,492.0085,843.5009,469.47733,881.80396,476.23666,861.5259,476.23666,879.55084,532.5647,861.5259,534.81775,897.5758,577.6271,863.779,588.8927
235,838.72003,400.03253,845.4031,395.57715,838.72003,395.57715,854.3137,400.03253,836.4924,397.80487,867.67975,422.3092,840.94775,422.3092,878.8181,457.9519,845.4031,449.0412,872.1351,491.36694,840.94775,466.86255,876.59045,473.5456,858.76904,475.77325,876.59045,531.46497,860.99677,533.6926,892.1841,578.246,863.2244,589.38434
236,838.8779,398.49463,843.39355,393.97906,836.62024,393.97906,854.6825,398.49463,836.62024,398.49463,868.22925,421.0725,841.13574,423.33032,877.2604,457.19714,845.65137,450.42377,872.7449,491.06403,838.8779,468.48608,875.00256,475.25946,856.9403,475.25946,875.00256,531.70416,859.1981,533.962,886.2915,579.11774,861.45593,588.1489
237,839.0246,396.6762,843.5566,394.41022,836.75854,394.41022,852.6206,398.94226,834.49255,396.6762,868.48267,421.60236,841.2906,421.60236,875.2807,457.85846,843.5566,448.79443,875.2807,489.58258,836.75854,466.9225,873.0147,475.9865,852.6206,475.9865,875.2807,537.16876,857.15265,534.9028,882.07874,577.957,861.6847,587.021
238,839.6638,397.0669,844.24884,392.48187,837.37134,392.48187,853.4189,397.0669,835.0788,394.77435,867.174,422.28455,839.6638,419.992,876.34406,456.67224,841.95636,447.5022,874.0515,488.7674,832.7863,465.8423,871.75903,475.01233,851.1264,475.01233,874.0515,532.32513,855.7114,534.6177,871.75903,566.7128,862.589,587.34546
239,839.6806,397.08682,844.2651,392.50235,837.38837,392.50235,853.434,397.08682,835.0961,394.7946,867.18744,422.30142,839.6806,420.0092,876.3564,456.68497,841.97284,447.51602,874.06415,488.77628,832.8039,465.8539,871.7719,475.02286,851.1418,475.02286,874.06415,532.32874,855.72626,534.621,871.7719,566.7123,862.60297,587.3424
240,839.8823,394.57117,844.47363,392.2755,837.5867,392.2755,853.65625,396.86682,835.291,394.57117,867.4302,422.11902,837.5867,419.82336,876.6128,456.5539,842.178,449.66693,874.31714,488.69305,828.40405,472.62347,869.7258,474.91913,849.06494,474.91913,874.31714,534.60614,853.65625,539.19745,867.4302,562.154,862.83887,587.4062
241,839.3518,392.34387,843.9286,390.05548,837.0635,390.05548,853.08215,394.63226,837.0635,394.63226,869.10095,419.80457,839.3518,419.80457,875.96606,456.41882,839.3518,451.84204,873.67773,488.4563,825.62146,474.72595,871.3893,474.72595,848.5054,477.01434,871.3893,536.5125,855.3706,538.80084,862.2357,561.68475,862.2357,586.85706
242,839.76825,391.38065,846.6029,389.1024,837.49005,389.1024,853.43756,393.65884,835.2118,393.65884,869.38513,420.99753,835.2118,420.99753,878.49805,452.8926,835.2118,452.8926,873.9416,487.06595,823.8207,475.67484,869.38513,473.39664,846.6029,475.67484,871.6634,539.4651,853.43756,539.4651,860.2723,559.9691,862.5505,587.30774
243,843.7421,390.29608,848.29736,385.74078,839.1868,385.74078,855.1303,392.57367,836.9092,392.57367,871.0738,419.90533,834.63153,422.18298,880.1843,451.79224,832.35394,451.79224,875.629,483.6792,823.24335,476.84625,868.79614,474.5686,846.0198,476.84625,873.3514,536.0648,852.85266,538.34247,859.6856,565.67413,861.9632,586.17285
244,845.46265,390.58868,850.00226,386.04907,840.9231,386.04907,856.81165,390.58868,836.3835,390.58868,870.4305,417.8263,834.11365,422.3659,879.5097,449.60352,829.57404,451.8733,874.9701,481.38068,820.4949,476.84113,868.1607,474.5713,843.1929,476.84113,872.7003,538.12573,850.00226,535.85596,856.81165,565.36334,861.35126,585.79156
245,845.3955,390.6095,849.92596,386.07898,840.865,386.07898,856.72174,390.6095,836.3345,390.6095,870.31323,417.79248,834.0692,422.323,879.3742,449.50604,829.53876,451.77124,874.84375,481.21954,820.4777,476.68903,868.048,474.42377,843.13025,476.68903,872.5785,535.5855,849.92596,535.5855,856.72174,565.03375,861.25226,585.421
246,847.8013,389.87442,850.0806,385.31577,843.2426,385.31577,856.9187,389.87442,838.68396,389.87442,870.5947,417.22653,831.8459,419.5059,879.7121,446.858,827.28723,449.13736,877.43274,478.76877,818.16986,476.4894,868.31537,471.93076,843.2426,474.2101,872.8741,538.0316,850.0806,535.7523,856.9187,563.1044,861.47736,585.8978
247,852.0501,388.17972,854.3294,383.62106,845.2121,383.62106,856.60876,388.17972,838.3741,390.45908,870.2848,415.53177,831.5361,420.09042,881.68146,447.4424,824.69806,447.4424,877.12274,479.35312,815.58075,477.07376,868.00543,472.5151,842.93274,474.79446,870.2848,536.3364,849.77075,536.3364,854.3294,565.9678,861.1674,586.4818
248,855.2073,387.23364,857.49133,382.66547,850.63916,382.66547,859.7755,389.5177,839.2186,389.5177,871.1959,414.6427,830.0823,419.21088,882.61633,446.62,823.23,448.90405,878.0482,478.59723,814.0936,476.3131,866.6277,471.745,843.78687,476.3131,868.91187,537.9836,850.63916,535.69946,852.9232,574.52905,859.7755,585.94946
249,857.4303,387.41833,859.7249,382.82916,852.8411,382.82916,857.4303,389.71295,841.36816,389.71295,871.1979,414.95343,829.8952,419.54266,882.67084,444.7832,820.7168,447.07782,878.08167,476.90753,811.53845,472.3183,866.6087,472.3183,841.36816,474.6129,866.6087,536.56696,850.5466,534.2724,852.8411,568.6913,859.7249,584.7535
250,860.4848,387.54993,860.4848,382.9417,855.8766,382.9417,858.18066,389.85406,842.05194,389.85406,869.70123,415.19922,830.5314,417.50336,883.5259,445.15265,819.0108,447.4568,878.91766,475.10608,812.0985,477.41022,867.3971,472.80194,842.05194,475.10608,865.093,537.317,851.2684,532.7088,851.2684,567.27045,858.18066,585.7033
251,860.51086,387.47714,860.51086,382.86758,855.90137,382.86758,858.2061,389.7819,842.0728,389.7819,869.7299,415.13425,828.24426,417.439,883.5585,445.0961,819.0252,447.40085,878.949,475.058,812.1109,477.36276,867.4252,472.7532,842.0728,475.058,865.1204,537.2865,851.2919,532.677,851.2919,567.2484,858.2061,585.6864
252,861.5853,387.02057,861.5853,382.4101,856.97485,382.4101,859.28015,389.32574,843.14355,389.32574,870.80615,412.37793,829.3124,416.98834,882.3323,444.65094,820.09143,446.95618,880.0271,476.92395,810.8706,476.92395,866.1958,472.31354,843.14355,474.61877,863.8905,534.5544,850.0592,532.24915,850.0592,566.8274,856.97485,585.2691
253,863.02527,385.9566,860.736,383.66736,858.44684,383.66736,860.736,388.2458,844.71155,390.53503,869.8929,413.42712,828.6871,415.71637,881.3389,443.1869,819.5302,447.76532,881.3389,475.2359,810.37335,477.5251,867.60364,468.36823,842.4223,472.94666,863.02527,534.75543,847.00073,530.177,849.29,566.8044,856.1576,582.82886
254,861.89246,386.7356,861.89246,382.13147,859.5904,382.13147,861.89246,389.03766,845.778,386.7356,871.10077,412.0583,829.6636,416.6624,880.309,441.9851,818.15326,448.8913,882.611,474.21405,808.945,478.81818,866.49664,471.91193,841.1739,471.91193,861.89246,534.0677,845.778,534.0677,848.0801,568.59863,852.6842,580.10895
255,861.6711,385.64514,863.98016,381.0271,859.3621,381.0271,861.6711,385.64514,845.50793,385.64514,870.90717,411.04437,829.3448,413.3534,877.8343,441.06165,817.7997,447.9887,884.76135,473.388,810.8726,478.00604,866.2891,468.76996,843.1989,471.07892,861.6711,533.42255,845.50793,531.1135,850.12604,570.3669,850.12604,579.60297
256,863.13464,383.39294,863.13464,381.06317,858.4751,381.06317,863.13464,385.72272,846.8262,383.39294,867.7942,409.0207,830.5176,413.68024,874.78357,439.30798,818.86865,446.29736,886.4326,471.9251,811.8793,476.58466,865.4645,467.2655,842.1665,469.59528,860.8048,527.8401,842.1665,530.16986,849.1559,572.10614,844.49634,579.0955
257,863.1053,383.8012,863.1053,381.47388,858.45056,379.14648,863.1053,383.8012,846.81384,383.8012,867.76,409.40204,828.195,411.72943,874.742,439.6576,818.8856,446.63965,886.3788,469.9132,811.90356,476.89526,865.4326,467.58582,842.1591,469.9132,860.77795,528.0969,842.1591,528.0969,849.1412,572.3166,844.4865,579.29865
